Date,Open,High,Low,Close,Adj Close,Volume
2012-10-12,17.820000,18.280001,17.500000,17.500000,16.621262,6467100
2012-10-15,17.549999,17.830000,17.500000,17.750000,16.858711,633100
2012-10-16,17.570000,17.950001,17.250000,17.790001,16.896706,180300
2012-10-17,17.700001,18.070000,17.500000,17.700001,16.811220,121000
2012-10-18,17.600000,17.870001,17.520000,17.700001,16.811220,146100
2012-10-19,17.719999,17.799999,17.410000,17.410000,16.535780,298100
2012-10-22,17.500000,17.510000,16.930000,17.030001,16.174866,359800
2012-10-23,16.850000,17.299999,16.750000,17.129999,16.269844,166100
2012-10-24,16.920000,17.469999,16.920000,17.389999,16.516787,158200
2012-10-25,17.980000,17.980000,16.250000,17.030001,16.174866,206900
2012-10-26,17.510000,17.510000,16.600000,17.139999,16.279339,199500
2012-10-31,16.500000,17.030001,16.500000,17.030001,16.174866,36400
2012-11-01,17.100000,17.480000,16.510000,17.230000,16.364822,203000
2012-11-02,16.990000,17.230000,16.559999,17.000000,16.146372,72100
2012-11-05,16.790001,17.000000,16.500000,16.709999,15.870931,33300
2012-11-06,16.520000,17.480000,16.090000,17.010000,16.155867,370600
2012-11-07,16.750000,17.400000,16.750000,17.059999,16.203356,155800
2012-11-08,16.290001,17.270000,16.290001,16.750000,15.908924,141600
2012-11-09,16.330000,16.940001,16.330000,16.549999,15.718964,209600
2012-11-12,16.459999,16.549999,16.360001,16.500000,15.671478,12800
2012-11-13,16.520000,16.760000,15.970000,16.040001,15.234577,47600
2012-11-14,15.970000,16.469999,15.650000,16.049999,15.244071,123400
2012-11-15,16.379999,17.260000,15.710000,16.700001,15.861435,367000
2012-11-16,16.910000,17.690001,16.270000,16.820000,15.975412,104600
2012-11-19,16.850000,17.250000,16.500000,17.120001,16.260342,77200
2012-11-20,17.139999,17.290001,16.830000,17.129999,16.269844,251400
2012-11-21,17.120001,17.480000,16.850000,17.200001,16.336330,33100
2012-11-23,17.250000,17.549999,17.059999,17.320000,16.450300,94000
2012-11-26,17.299999,17.420000,17.059999,17.260000,16.393316,77400
2012-11-27,17.070000,17.330000,16.930000,17.230000,16.364822,55800
2012-11-28,17.450001,17.490000,16.980000,17.250000,16.383818,94000
2012-11-29,17.459999,18.350000,17.200001,18.160000,17.248123,164400
2012-11-30,18.440001,18.480000,17.770000,18.000000,17.096159,44200
2012-12-03,18.010000,18.500000,17.389999,18.100000,17.191137,47600
2012-12-04,18.230000,18.230000,17.410000,17.830000,16.934692,30100
2012-12-05,17.580000,18.100000,17.580000,17.980000,17.077162,33000
2012-12-06,17.760000,17.780001,17.320000,17.620001,16.735241,41900
2012-12-07,17.680000,17.850000,17.600000,17.750000,16.858711,42500
2012-12-10,17.889999,17.920000,17.360001,17.620001,16.735241,72300
2012-12-11,17.410000,17.840000,17.200001,17.540001,16.659258,72200
2012-12-12,17.469999,17.780001,17.469999,17.639999,16.754232,58000
2012-12-13,17.410000,17.980000,17.290001,17.879999,16.982182,135900
2012-12-14,17.430000,17.650000,17.250000,17.570000,16.687748,44700
2012-12-17,17.660000,18.500000,17.500000,17.980000,17.077162,107600
2012-12-18,17.930000,19.250000,17.700001,18.799999,17.855986,142600
2012-12-19,18.799999,19.889999,18.129999,19.180000,18.216906,192600
2012-12-20,18.950001,19.020000,18.440001,19.020000,18.064938,200500
2012-12-21,18.620001,19.180000,17.680000,18.980000,18.026951,1936500
2012-12-24,19.049999,19.450001,18.010000,18.639999,17.704020,159000
2012-12-26,18.750000,19.000000,18.270000,18.650000,17.713516,81300
2012-12-27,18.570000,19.490000,18.389999,18.540001,17.609045,162100
2012-12-28,18.410000,18.920000,18.309999,18.780001,17.836994,66400
2012-12-31,18.740000,19.219999,18.570000,19.120001,18.159918,125600
2013-01-02,19.459999,19.920000,18.600000,19.240000,18.273895,189700
2013-01-03,19.240000,19.459999,18.650000,19.139999,18.178911,89100
2013-01-04,19.250000,20.490000,18.969999,20.049999,19.043219,173300
2013-01-07,19.889999,21.240000,19.639999,20.770000,19.727068,210300
2013-01-08,20.690001,21.100000,20.379999,20.600000,19.565601,229400
2013-01-09,20.709999,20.969999,20.400000,20.469999,19.442129,171800
2013-01-10,20.540001,21.990000,20.340000,21.629999,20.543882,235200
2013-01-11,21.600000,21.780001,20.549999,21.670000,20.581873,166300
2013-01-14,21.680000,22.469999,21.680000,21.799999,20.705345,130400
2013-01-15,21.670000,22.900000,21.170000,21.719999,20.629364,59300
2013-01-16,21.080000,21.520000,20.059999,21.280001,20.211454,239500
2013-01-17,21.370001,21.809999,20.760000,21.120001,20.059492,129800
2013-01-18,21.170000,21.790001,20.309999,20.540001,19.508615,119400
2013-01-22,20.600000,21.889999,20.600000,21.790001,20.695848,160100
2013-01-23,21.740000,21.740000,20.950001,21.430000,20.353928,42700
2013-01-24,21.240000,22.590000,21.190001,21.430000,20.353928,114500
2013-01-25,21.549999,22.709999,21.549999,22.000000,20.895304,71200
2013-01-28,22.200001,22.250000,21.340000,21.639999,20.553377,91000
2013-01-29,21.680000,22.160000,21.629999,22.129999,21.018776,113700
2013-01-30,22.040001,22.879999,22.040001,22.670000,21.531660,340500
2013-01-31,22.530001,22.530001,21.549999,22.420000,21.294216,260400
2013-02-01,22.559999,22.950001,22.360001,22.700001,21.560152,93600
2013-02-04,22.650000,22.709999,21.850000,22.540001,21.408188,80100
2013-02-05,22.580000,22.650000,22.160000,22.629999,21.493668,38700
2013-02-06,22.490000,22.830000,22.209999,22.629999,21.493668,136100
2013-02-07,22.059999,22.690001,22.000000,22.420000,21.294216,61300
2013-02-08,22.389999,22.750000,22.040001,22.049999,20.942791,96400
2013-02-11,22.129999,22.129999,21.299999,21.559999,20.477398,59100
2013-02-12,21.520000,21.760000,21.049999,21.570000,20.486891,154700
2013-02-13,21.549999,22.010000,21.230000,21.559999,20.477398,321700
2013-02-14,21.549999,22.930000,21.549999,22.000000,20.895304,379500
2013-02-15,22.070000,22.650000,21.700001,22.299999,21.180237,146500
2013-02-19,22.320000,22.820000,22.230000,22.820000,21.674131,102000
2013-02-20,22.809999,23.280001,21.209999,21.280001,20.211454,96200
2013-02-21,21.290001,21.290001,20.549999,20.730000,19.689074,76900
2013-02-22,22.250000,22.629999,20.230000,20.980000,19.926517,310600
2013-02-25,21.000000,21.080000,19.570000,19.740000,18.748787,167600
2013-02-26,19.840000,20.520000,19.700001,20.049999,19.043219,119300
2013-02-27,20.090000,21.500000,19.850000,20.959999,19.907524,158500
2013-02-28,20.980000,23.309999,20.200001,22.709999,21.569651,205000
2013-03-01,22.500000,22.809999,21.910000,22.340000,21.218229,46000
2013-03-04,22.370001,22.870001,21.830000,22.389999,21.265718,39000
2013-03-05,22.410000,23.879999,22.389999,23.700001,22.509939,108700
2013-03-06,23.830000,24.030001,23.379999,23.549999,22.367470,13800
2013-03-07,23.500000,24.889999,22.530001,24.510000,23.279264,129700
2013-03-08,24.770000,24.959999,23.889999,24.900000,23.649687,127200
2013-03-11,24.920000,24.990000,24.080000,24.490000,23.260271,218100
2013-03-12,24.520000,24.990000,24.299999,24.930000,23.678179,107300
2013-03-13,24.870001,26.389999,24.670000,25.750000,24.457005,308800
2013-03-14,25.860001,25.860001,24.219999,24.860001,23.611692,153000
2013-03-15,24.920000,24.959999,23.500000,24.150000,22.937346,186000
2013-03-18,23.870001,24.549999,23.629999,23.990000,22.785378,38800
2013-03-19,24.230000,25.139999,23.570000,23.760000,22.566925,87200
2013-03-20,24.040001,24.299999,23.650000,24.000000,22.794874,81000
2013-03-21,23.920000,24.469999,23.889999,24.309999,23.089310,133000
2013-03-22,24.389999,24.620001,24.240000,24.549999,23.317259,48100
2013-03-25,24.690001,25.330000,24.620001,25.200001,23.934624,197000
2013-03-26,25.230000,25.870001,25.080000,25.650000,24.362022,191400
2013-03-27,25.440001,26.270000,25.440001,26.110001,24.798925,83600
2013-03-28,26.240000,27.209999,26.040001,26.840000,25.492270,157500
2013-04-01,26.930000,27.969999,26.930000,27.400000,26.024147,216600
2013-04-02,27.469999,27.889999,26.750000,27.040001,25.682230,493300
2013-04-03,27.049999,27.049999,24.480000,24.920000,23.668678,526600
2013-04-04,24.870001,25.270000,23.830000,25.049999,23.792149,135100
2013-04-05,24.690001,25.370001,24.570000,25.180000,23.915625,56400
2013-04-08,25.170000,26.350000,25.020000,26.049999,24.741938,144200
2013-04-09,26.299999,27.389999,26.139999,26.760000,25.416288,285300
2013-04-10,26.750000,27.240000,25.920000,26.080000,24.770430,230100
2013-04-11,26.139999,26.700001,25.100000,26.500000,25.169340,165600
2013-04-12,26.500000,27.049999,26.230000,26.629999,25.292814,275800
2013-04-15,26.360001,26.360001,25.010000,25.799999,24.504490,378800
2013-04-16,26.070000,26.770000,25.860001,26.740000,25.397291,166300
2013-04-17,26.510000,26.540001,25.410000,25.799999,24.504490,160000
2013-04-18,25.910000,26.670000,25.459999,26.510000,25.178841,74100
2013-04-19,26.750000,26.820000,26.090000,26.219999,24.903400,126900
2013-04-22,26.350000,27.340000,26.209999,26.980000,25.625242,149300
2013-04-23,27.049999,27.690001,26.959999,27.490000,26.109629,107100
2013-04-24,27.430000,27.620001,27.040001,27.100000,25.739214,77900
2013-04-25,27.510000,27.680000,27.170000,27.299999,25.929169,68500
2013-04-26,27.290001,27.370001,26.350000,26.879999,25.530262,147000
2013-04-29,26.980000,26.980000,25.780001,26.040001,24.732443,343500
2013-04-30,26.459999,26.740000,26.129999,26.260000,24.941391,171600
2013-05-01,26.100000,27.010000,25.950001,26.440001,25.112354,347100
2013-05-02,26.459999,27.250000,26.459999,27.100000,25.739214,168400
2013-05-03,27.440001,27.660000,27.160000,27.480000,26.100136,86000
2013-05-06,27.580000,29.400000,27.580000,28.760000,27.315861,393000
2013-05-07,28.709999,28.809999,27.879999,28.540001,27.106905,264200
2013-05-08,28.379999,29.750000,27.510000,29.530001,28.047197,200900
2013-05-09,29.570000,29.670000,28.469999,28.680000,27.239876,189700
2013-05-10,28.650000,28.700001,27.910000,28.580000,27.144896,89400
2013-05-13,28.459999,29.000000,28.350000,28.660000,27.220884,51700
2013-05-14,28.610001,28.910000,28.530001,28.870001,27.420336,73700
2013-05-15,28.290001,29.770000,27.190001,29.480000,27.999706,599000
2013-05-16,31.170000,31.600000,29.730000,29.940001,28.436609,3939200
2013-05-17,30.520000,32.410000,30.200001,31.430000,29.851791,914000
2013-05-20,31.620001,32.250000,31.240000,32.029999,30.421659,545100
2013-05-21,32.400002,32.400002,31.230000,31.709999,30.117731,295800
2013-05-22,32.250000,34.840000,31.870001,32.540001,30.906054,876400
2013-05-23,31.980000,34.299999,31.520000,33.270000,31.599398,609700
2013-05-24,33.389999,34.669998,32.770000,34.320000,32.596672,792300
2013-05-28,34.770000,35.910000,34.310001,34.950001,33.195038,383300
2013-05-29,34.810001,35.310001,34.310001,34.959999,33.204533,230000
2013-05-30,34.779999,35.650002,34.400002,34.950001,33.195038,355500
2013-05-31,34.630001,35.230000,33.669998,33.770000,32.074291,596800
2013-06-03,33.660000,34.750000,32.880001,34.599998,32.862610,338800
2013-06-04,34.619999,35.430000,33.599998,34.080002,32.368721,175200
2013-06-05,34.270000,34.680000,33.820000,33.939999,32.235752,165100
2013-06-06,33.880001,35.869999,33.610001,34.580002,32.843616,110100
2013-06-07,34.849998,35.639999,34.150002,35.450001,33.669926,135000
2013-06-10,34.560001,35.560001,33.500000,34.740002,32.995586,234400
2013-06-11,34.560001,35.240002,34.180000,34.459999,32.729645,123300
2013-06-12,34.750000,35.040001,34.189999,34.430000,32.701145,65700
2013-06-13,34.540001,35.299999,33.419998,34.970001,33.214031,282100
2013-06-14,34.959999,35.630001,34.599998,34.889999,33.138046,145900
2013-06-17,35.240002,35.279999,33.790001,34.450001,32.720150,186800
2013-06-18,33.849998,35.470001,33.200001,35.009998,33.252026,611200
2013-06-19,35.240002,35.480000,34.150002,34.610001,32.872112,3342600
2013-06-20,34.310001,34.310001,32.470001,32.639999,31.001028,642000
2013-06-21,32.799999,33.509998,31.600000,33.150002,31.485424,1297800
2013-06-24,32.910000,32.910000,30.760000,32.020000,30.412163,797600
2013-06-25,32.590000,33.349998,31.490000,32.919998,31.266972,406000
2013-06-26,33.240002,33.730000,32.990002,33.650002,31.960321,325100
2013-06-27,33.709999,33.770000,32.959999,33.060001,31.399944,290800
2013-06-28,33.150002,33.680000,32.610001,33.320000,31.646885,902100
2013-07-01,33.490002,34.650002,33.419998,34.270000,32.549183,245100
2013-07-02,34.110001,34.680000,33.509998,34.560001,32.824623,119600
2013-07-03,34.529999,36.240002,34.200001,35.200001,33.432484,192200
2013-07-05,35.740002,36.220001,34.750000,35.889999,34.087837,224700
2013-07-08,36.070000,37.799999,35.639999,36.099998,34.287292,498600
2013-07-09,36.450001,36.930000,35.790001,36.500000,34.667210,280100
2013-07-10,36.540001,37.250000,35.820000,37.160000,35.294067,284000
2013-07-11,38.130001,38.130001,37.330002,37.599998,35.711971,320000
2013-07-12,37.389999,37.669998,36.230000,37.250000,35.379547,117800
2013-07-15,37.200001,37.830002,36.230000,37.270000,35.398540,243200
2013-07-16,37.180000,37.910000,36.619999,37.709999,35.816448,213300
2013-07-17,37.189999,38.869999,37.189999,37.660000,35.768963,207500
2013-07-18,37.549999,39.450001,37.459999,38.080002,36.167870,294500
2013-07-19,38.150002,39.799999,37.369999,39.360001,37.383602,348100
2013-07-22,39.110001,39.610001,38.549999,39.470001,37.488071,150900
2013-07-23,39.900002,40.000000,38.669998,38.790001,36.842220,182500
2013-07-24,38.919998,39.009998,37.070000,37.410000,35.531506,252800
2013-07-25,37.259998,38.240002,37.099998,37.750000,35.854446,222700
2013-07-26,37.500000,39.139999,37.150002,37.470001,35.588509,244100
2013-07-29,37.500000,37.820000,36.950001,37.669998,35.778454,82200
2013-07-30,37.770000,37.889999,36.779999,37.830002,35.930424,137400
2013-07-31,37.959999,39.299999,37.299999,38.180000,36.262848,149800
2013-08-01,39.279999,43.400002,39.279999,42.610001,40.470406,973200
2013-08-02,42.439999,43.520000,41.599998,42.650002,40.508396,509800
2013-08-05,42.570000,44.110001,42.410000,43.099998,40.935802,419500
2013-08-06,42.980000,43.090000,40.919998,42.200001,40.080986,308400
2013-08-07,43.770000,43.840000,41.320000,42.240002,40.118984,421900
2013-08-08,42.279999,43.549999,41.799999,42.090000,39.976517,324700
2013-08-09,42.099998,42.689999,41.930000,42.240002,40.118984,219000
2013-08-12,42.020000,42.500000,41.000000,42.080002,39.967018,250300
2013-08-13,42.049999,43.480000,41.700001,42.090000,39.976517,366000
2013-08-14,41.900002,42.029999,40.330002,40.450001,38.418865,974100
2013-08-15,40.250000,40.700001,39.500000,39.790001,37.792004,2670400
2013-08-16,39.880001,40.970001,39.500000,40.500000,38.466351,547800
2013-08-19,40.500000,40.599998,39.340000,39.349998,37.374104,194700
2013-08-20,39.270000,39.720001,38.450001,39.279999,37.307613,254900
2013-08-21,39.200001,40.310001,38.099998,39.220001,37.250629,228600
2013-08-22,39.320000,39.919998,38.860001,39.349998,37.374104,233800
2013-08-23,39.509998,40.450001,38.790001,40.119999,38.105434,689700
2013-08-26,40.330002,41.250000,39.549999,40.000000,37.991455,352200
2013-08-27,39.570000,40.910000,39.169998,39.889999,37.886982,276200
2013-08-28,40.139999,41.750000,40.099998,41.500000,39.416138,389600
2013-08-29,41.279999,41.459999,40.139999,40.439999,38.409367,476200
2013-08-30,40.500000,41.009998,39.419998,40.240002,38.219414,397100
2013-09-03,40.810001,41.810001,40.810001,41.660000,39.568111,338000
2013-09-04,42.709999,44.380001,42.060001,43.349998,41.173241,1078600
2013-09-05,43.630001,44.299999,43.270000,43.619999,41.429684,268500
2013-09-06,43.939999,43.990002,42.919998,43.419998,41.239723,403800
2013-09-09,43.599998,44.490002,43.509998,44.320000,42.094532,284600
2013-09-10,44.509998,45.000000,43.730000,44.380001,42.151524,270300
2013-09-11,44.380001,45.799999,44.150002,45.529999,43.243778,322800
2013-09-12,45.680000,46.900002,45.299999,46.630001,44.288551,451900
2013-09-13,46.820000,47.220001,45.880001,46.000000,43.690182,591000
2013-09-16,46.470001,46.509998,44.380001,44.820000,42.569427,492400
2013-09-17,44.849998,45.450001,44.070000,44.590000,42.350975,583900
2013-09-18,45.049999,45.380001,43.740002,44.669998,42.426964,441400
2013-09-19,44.700001,45.090000,43.360001,44.020000,41.809601,264600
2013-09-20,43.970001,44.509998,41.880001,42.779999,40.631863,1209100
2013-09-23,42.509998,43.750000,42.320000,43.549999,41.363201,562300
2013-09-24,44.250000,44.639999,43.500000,43.630001,41.439190,449400
2013-09-25,43.840000,44.119999,43.349998,43.759998,41.562653,245900
2013-09-26,42.810001,44.060001,42.810001,43.980000,41.771606,331100
2013-09-27,43.560001,43.759998,42.860001,43.150002,40.983288,283100
2013-09-30,42.470001,43.180000,42.040001,42.639999,40.498901,307800
2013-10-01,42.610001,43.790001,42.610001,43.419998,41.239723,332100
2013-10-02,43.099998,43.860001,42.180000,43.220001,41.049770,491400
2013-10-03,43.250000,44.080002,42.250000,43.830002,41.629147,359300
2013-10-04,43.820000,47.360001,43.680000,46.009998,43.699677,646600
2013-10-07,45.450001,46.709999,45.150002,45.759998,43.462227,353800
2013-10-08,45.740002,45.970001,43.450001,44.560001,42.322483,830300
2013-10-09,44.669998,44.930000,43.020000,43.380001,41.201740,427500
2013-10-10,43.939999,44.919998,43.470001,43.680000,41.486671,350100
2013-10-11,43.419998,45.310001,43.230000,44.700001,42.455460,475300
2013-10-14,44.500000,46.650002,43.919998,46.520000,44.184071,474000
2013-10-15,46.470001,48.320000,45.470001,46.849998,44.497498,619400
2013-10-16,47.180000,50.480000,47.180000,49.520000,47.033428,795200
2013-10-17,49.450001,50.380001,48.549999,50.180000,47.660286,460600
2013-10-18,50.639999,52.389999,50.250000,52.180000,49.559860,800100
2013-10-21,51.790001,54.169998,51.049999,52.750000,50.101242,863800
2013-10-22,53.369999,53.959999,50.169998,50.320000,47.793255,643500
2013-10-23,50.049999,50.060001,46.279999,49.099998,46.634518,1767500
2013-10-24,49.439999,54.070000,49.119999,54.000000,51.288464,1302500
2013-10-25,54.730000,56.160000,53.009998,53.320000,50.642609,772000
2013-10-28,53.730000,54.810001,52.759998,53.520000,50.832577,505500
2013-10-29,54.200001,54.790001,52.939999,54.070000,51.354950,488200
2013-10-30,54.000000,54.669998,53.250000,53.709999,51.013027,733800
2013-10-31,53.500000,53.500000,49.509998,51.650002,49.056477,1503800
2013-11-01,51.419998,51.950001,48.189999,50.639999,48.097187,910200
2013-11-04,50.919998,53.480000,49.880001,53.160000,50.490654,1067700
2013-11-05,58.529999,58.709999,53.599998,55.139999,52.371227,1729800
2013-11-06,55.009998,55.889999,52.320000,53.459999,50.775581,1018100
2013-11-07,55.070000,56.000000,50.500000,54.000000,51.288464,4113200
2013-11-08,53.910000,54.470001,53.070000,53.470001,50.785084,1044500
2013-11-11,53.700001,53.889999,53.090000,53.290001,50.614128,572500
2013-11-12,53.049999,53.419998,51.759998,52.500000,49.863792,451700
2013-11-13,52.540001,53.700001,52.090000,53.150002,50.481155,1443600
2013-11-14,52.830002,53.770000,51.150002,53.119999,50.452660,492000
2013-11-15,53.250000,53.619999,52.639999,53.529999,50.842068,245200
2013-11-18,53.660000,53.759998,49.389999,50.209999,47.688778,883500
2013-11-19,50.380001,50.700001,48.500000,48.820000,46.368576,908500
2013-11-20,49.310001,50.410000,48.419998,48.759998,46.311588,509600
2013-11-21,48.980000,52.270000,48.980000,51.740002,49.141953,686500
2013-11-22,51.529999,52.650002,50.889999,51.529999,48.942493,478300
2013-11-25,51.540001,51.810001,48.919998,50.880001,48.325134,599700
2013-11-26,51.000000,52.520000,50.759998,51.610001,49.018482,572700
2013-11-27,51.450001,52.080002,49.320000,50.060001,47.546314,639400
2013-11-29,49.630001,50.560001,48.639999,49.740002,47.242378,356800
2013-12-02,49.919998,51.110001,49.049999,50.369999,47.840744,527000
2013-12-03,50.450001,52.169998,49.400002,50.230000,47.707779,928700
2013-12-04,50.000000,51.330002,49.549999,50.450001,47.916729,561400
2013-12-05,50.290001,51.220001,48.759998,49.200001,46.729492,663500
2013-12-06,50.529999,50.810001,45.840000,46.180000,43.861137,1472900
2013-12-09,46.290001,46.810001,44.209999,45.070000,42.806873,1388500
2013-12-10,45.209999,47.490002,45.150002,46.000000,43.690182,753000
2013-12-11,45.930000,46.209999,45.000000,45.110001,42.844868,743000
2013-12-12,45.419998,46.369999,44.779999,44.959999,42.702404,386700
2013-12-13,45.130001,45.439999,43.470001,44.730000,42.483948,672000
2013-12-16,45.160000,46.189999,44.660000,45.490002,43.205791,499700
2013-12-17,45.220001,46.630001,44.270000,46.119999,43.804153,587700
2013-12-18,46.020000,47.919998,45.380001,46.340000,44.013107,751100
2013-12-19,46.869999,49.900002,45.820000,49.799999,47.299374,1047800
2013-12-20,49.990002,51.279999,49.490002,50.790001,48.239662,1472400
2013-12-23,50.520000,52.290001,50.110001,52.099998,49.483875,877300
2013-12-24,52.020000,52.389999,51.669998,52.020000,49.407894,300200
2013-12-26,52.160000,53.169998,51.599998,52.730000,50.082241,488200
2013-12-27,52.799999,53.830002,52.040001,53.340000,50.661613,377300
2013-12-30,53.200001,53.799999,51.720001,51.930000,49.322411,598400
2013-12-31,51.849998,53.750000,51.560001,52.880001,50.224709,611000
2014-01-02,52.630001,53.580002,49.549999,51.160000,48.591080,714300
2014-01-03,51.230000,52.299999,48.009998,49.180000,46.710506,1258300
2014-01-06,49.000000,49.250000,47.040001,48.570000,46.131126,1434000
2014-01-07,48.799999,50.040001,47.919998,48.389999,45.960167,727600
2014-01-08,48.389999,48.730000,46.910000,47.610001,45.219345,534800
2014-01-09,47.660000,48.070000,44.849998,45.520000,43.234280,1103300
2014-01-10,45.430000,47.200001,45.250000,46.970001,44.611473,1066600
2014-01-13,46.029999,47.139999,44.049999,44.430000,42.199017,817400
2014-01-14,44.549999,47.119999,44.020000,47.009998,44.649460,908300
2014-01-15,47.270000,48.759998,47.209999,48.020000,45.608749,925800
2014-01-16,48.020000,48.880001,47.250000,48.610001,46.169128,503600
2014-01-17,48.900002,49.439999,47.630001,48.509998,46.074131,747300
2014-01-21,48.610001,49.580002,47.689999,49.080002,46.615517,717600
2014-01-22,49.200001,51.630001,49.000000,51.220001,48.648064,773300
2014-01-23,51.110001,51.369999,49.520000,50.439999,47.907230,978600
2014-01-24,49.889999,50.400002,48.009998,48.869999,46.416065,836800
2014-01-27,48.750000,49.799999,47.259998,47.540001,45.152851,596900
2014-01-28,47.730000,50.450001,47.730000,49.799999,47.299374,591900
2014-01-29,49.090000,50.360001,48.299999,48.590000,46.150135,764900
2014-01-30,49.139999,51.549999,49.139999,51.369999,48.790531,1053200
2014-01-31,50.669998,53.320000,50.099998,51.980000,49.369907,827100
2014-02-03,51.980000,52.560001,49.540001,50.080002,47.565304,1003600
2014-02-04,50.320000,52.619999,50.320000,51.639999,49.046970,429500
2014-02-05,51.540001,53.049999,50.400002,52.959999,50.300694,723300
2014-02-06,53.099998,55.410000,53.099998,53.770000,51.070019,1109300
2014-02-07,57.200001,59.000000,55.009998,56.720001,53.871895,1298000
2014-02-10,57.230000,58.650002,56.000000,57.520000,54.631721,914600
2014-02-11,57.450001,59.220001,56.070000,58.910000,55.951920,717100
2014-02-12,58.970001,59.840000,57.799999,57.970001,55.059128,795400
2014-02-13,57.520000,59.320000,56.660000,58.889999,55.932926,842900
2014-02-14,58.970001,59.830002,58.000000,59.650002,56.654766,876300
2014-02-18,59.669998,61.869999,58.439999,61.020000,57.955975,1333600
2014-02-19,61.490002,62.540001,60.400002,61.040001,57.974976,764900
2014-02-20,60.900002,62.889999,60.230000,62.669998,59.523117,1073300
2014-02-21,63.980000,64.419998,62.930000,63.990002,60.776848,3257700
2014-02-24,64.339996,68.000000,64.309998,64.800003,61.546169,1941000
2014-02-25,65.580002,65.580002,62.830002,63.740002,60.539394,1470100
2014-02-26,63.900002,65.120003,61.910000,64.540001,61.299221,884300
2014-02-27,64.440002,65.349998,63.619999,63.889999,60.681854,742900
2014-02-28,64.139999,64.709999,63.680000,64.330002,61.099766,1029700
2014-03-03,63.889999,65.379997,63.509998,64.410004,61.175751,709400
2014-03-04,65.029999,66.139999,64.769997,65.480003,62.192020,667900
2014-03-05,65.519997,65.930000,63.070000,64.040001,60.824326,685800
2014-03-06,63.950001,64.699997,62.220001,62.759998,59.608597,854300
2014-03-07,63.230000,64.129997,62.520000,63.880001,60.672363,591100
2014-03-10,63.830002,63.959999,61.009998,63.029999,59.865047,852400
2014-03-11,62.919998,64.440002,60.410000,62.009998,58.896263,1085100
2014-03-12,61.619999,63.520000,60.759998,63.160000,59.988514,811200
2014-03-13,64.349998,64.459999,62.630001,63.360001,60.178474,800100
2014-03-14,63.430000,64.330002,63.020000,63.580002,60.387432,508700
2014-03-17,64.129997,64.959999,63.450001,63.930000,60.719849,580400
2014-03-18,64.019997,65.750000,63.959999,65.680000,62.381985,595400
2014-03-19,65.599998,65.970001,64.070000,64.400002,61.166256,683100
2014-03-20,64.269997,66.129997,63.040001,65.190002,61.916588,841100
2014-03-21,65.260002,66.110001,64.029999,64.220001,60.995285,851300
2014-03-24,64.540001,64.900002,62.189999,64.139999,60.919308,686400
2014-03-25,64.269997,64.949997,63.020000,64.290001,61.061771,496700
2014-03-26,64.910004,66.080002,63.959999,64.889999,61.631641,746600
2014-03-27,65.209999,68.900002,64.870003,68.040001,64.623466,910700
2014-03-28,68.339996,69.900002,67.559998,69.699997,66.200111,1465600
2014-03-31,70.360001,70.989998,67.000000,67.309998,63.930115,1576600
2014-04-01,67.300003,68.650002,65.000000,66.410004,63.075325,1014200
2014-04-02,66.480003,69.400002,66.129997,68.970001,65.506783,921400
2014-04-03,68.879997,69.680000,67.010002,67.910004,64.500008,903100
2014-04-04,68.410004,69.680000,66.370003,67.250000,63.873135,657400
2014-04-07,66.699997,66.790001,64.050003,65.169998,61.897572,1101200
2014-04-08,65.169998,67.059998,64.400002,66.599998,63.255783,873500
2014-04-09,67.370003,68.870003,66.620003,68.059998,64.642464,722000
2014-04-10,68.000000,68.339996,64.430000,65.629997,62.334476,823300
2014-04-11,65.300003,70.720001,64.500000,67.599998,64.205559,2507100
2014-04-14,68.440002,70.989998,68.000000,70.120003,66.599022,1028000
2014-04-15,68.930000,70.470001,66.820000,69.080002,65.611244,1323400
2014-04-16,70.160004,71.559998,69.239998,70.489998,66.950447,876500
2014-04-17,70.699997,74.139999,70.550003,73.339996,69.657341,910900
2014-04-21,74.019997,74.650002,71.860001,74.519997,70.778084,982400
2014-04-22,75.430000,76.720001,73.959999,74.260002,70.531151,952200
2014-04-23,74.370003,75.180000,73.370003,73.889999,70.179726,641000
2014-04-24,74.250000,75.889999,73.199997,75.419998,71.632896,848300
2014-04-25,75.279999,75.279999,71.129997,71.440002,67.852760,1041800
2014-04-28,71.500000,72.559998,69.320000,70.959999,67.396835,647800
2014-04-29,71.519997,73.010002,71.080002,72.220001,68.593590,836800
2014-04-30,72.010002,72.370003,70.199997,71.940002,68.327644,780200
2014-05-01,72.040001,73.540001,70.309998,71.269997,67.691277,686200
2014-05-02,71.949997,74.290001,71.410004,73.769997,70.065742,886500
2014-05-05,73.070000,75.040001,72.550003,73.629997,69.932777,629800
2014-05-06,73.389999,73.989998,72.669998,73.250000,69.571861,890900
2014-05-07,73.720001,76.500000,71.599998,75.720001,71.917824,1760300
2014-05-08,72.589996,75.000000,70.779999,71.760002,68.156670,2311400
2014-05-09,70.279999,73.080002,70.110001,71.239998,67.662788,904500
2014-05-12,71.680000,74.760002,71.010002,72.720001,69.068474,1706500
2014-05-13,73.230003,74.430000,72.250000,73.730003,70.027763,955600
2014-05-14,73.769997,74.459999,71.760002,72.019997,68.403625,813000
2014-05-15,72.050003,72.050003,67.720001,69.430000,65.943680,1684700
2014-05-16,69.629997,70.730003,67.639999,70.669998,67.121414,736400
2014-05-19,70.379997,71.800003,70.199997,71.150002,67.577316,559700
2014-05-20,71.230003,71.660004,69.480003,70.160004,66.637032,548900
2014-05-21,70.779999,73.199997,70.779999,72.709999,69.058968,935100
2014-05-22,72.800003,74.199997,72.250000,73.029999,69.362907,604200
2014-05-23,72.839996,74.320000,72.610001,72.779999,69.125450,664200
2014-05-27,72.849998,73.150002,70.360001,71.470001,67.881233,885600
2014-05-28,71.449997,71.930000,70.260002,71.389999,67.805252,685000
2014-05-29,71.559998,75.930000,70.860001,75.019997,71.252975,1460700
2014-05-30,75.540001,75.949997,74.300003,75.480003,71.689880,1019800
2014-06-02,76.989998,78.470001,75.349998,76.110001,72.288254,1245900
2014-06-03,76.080002,78.489998,75.580002,78.300003,74.368294,943300
2014-06-04,78.360001,79.760002,77.010002,78.540001,74.596222,845800
2014-06-05,78.639999,79.870003,77.529999,79.239998,75.261086,821100
2014-06-06,79.940002,81.510002,79.379997,81.089996,77.018188,953500
2014-06-09,81.430000,82.250000,80.059998,82.000000,77.882500,748500
2014-06-10,83.000000,83.660004,81.370003,82.330002,78.195923,601900
2014-06-11,81.660004,84.470001,81.120003,83.839996,79.630096,915800
2014-06-12,84.010002,85.900002,83.500000,84.690002,80.437416,1154600
2014-06-13,85.330002,88.389999,84.500000,87.949997,83.533737,1617500
2014-06-16,88.190002,90.300003,87.180000,89.900002,85.385811,1385500
2014-06-17,90.000000,92.239998,88.879997,90.260002,85.727737,1159800
2014-06-18,91.489998,93.330002,88.879997,90.339996,85.803696,2891900
2014-06-19,90.690002,90.690002,88.300003,89.050003,84.578484,1072300
2014-06-20,89.470001,90.690002,88.300003,89.790001,85.281326,1729600
2014-06-23,90.379997,91.510002,89.120003,91.410004,86.819992,1253800
2014-06-24,90.190002,90.540001,87.150002,87.690002,83.286774,2265700
2014-06-25,88.000000,91.360001,87.800003,90.559998,86.012672,1917100
2014-06-26,90.449997,91.010002,87.699997,89.290001,84.806435,939200
2014-06-27,89.040001,89.870003,88.500000,88.690002,84.236565,3201400
2014-06-30,88.699997,89.839996,88.449997,88.800003,84.341042,1145900
2014-07-01,90.000000,90.480003,88.190002,89.769997,85.262329,1030300
2014-07-02,89.500000,90.419998,87.610001,88.290001,83.856659,796200
2014-07-03,88.760002,89.160004,87.410004,88.809998,84.350525,596800
2014-07-07,88.800003,89.730003,86.699997,87.309998,82.925858,918500
2014-07-08,86.720001,87.110001,84.160004,85.970001,81.653152,1497400
2014-07-09,86.849998,87.370003,85.470001,87.290001,82.906853,685700
2014-07-10,84.989998,86.550003,82.820000,85.720001,81.415710,1005000
2014-07-11,85.699997,86.500000,83.339996,84.209999,79.981522,890900
2014-07-14,84.790001,87.930000,84.610001,86.589996,82.242004,836200
2014-07-15,86.110001,86.800003,82.709999,83.360001,79.174202,1110200
2014-07-16,83.930000,85.989998,83.529999,85.489998,81.197243,856600
2014-07-17,85.820000,88.199997,84.000000,84.709999,80.456421,843000
2014-07-18,84.570000,87.339996,84.570000,86.660004,82.308487,1229200
2014-07-21,86.019997,89.870003,86.000000,87.989998,83.571716,1341500
2014-07-22,87.199997,87.690002,86.419998,86.559998,82.213509,4448200
2014-07-23,87.000000,87.889999,86.250000,87.849998,83.438736,1308200
2014-07-24,88.120003,89.080002,86.860001,88.010002,83.590729,2064100
2014-07-25,86.959999,87.379997,85.230003,85.699997,81.396698,975200
2014-07-28,85.900002,86.099998,83.589996,84.800003,80.541908,569600
2014-07-29,84.589996,86.680000,83.919998,85.589996,81.292236,782600
2014-07-30,86.000000,87.190002,84.279999,84.750000,80.494408,660400
2014-07-31,84.010002,84.099998,81.019997,82.230003,78.100952,1571500
2014-08-01,82.330002,82.349998,77.980003,80.019997,76.001915,2387900
2014-08-04,80.510002,82.230003,79.639999,81.610001,77.512077,974400
2014-08-05,82.010002,82.739998,78.169998,78.930000,74.966652,1512400
2014-08-06,79.669998,81.260002,78.019997,78.519997,74.577232,1155600
2014-08-07,78.790001,79.750000,74.870003,76.580002,72.734665,1941800
2014-08-08,76.800003,78.330002,76.540001,77.449997,73.560951,955700
2014-08-11,78.150002,78.260002,76.610001,77.489998,73.598953,1063700
2014-08-12,76.980003,77.470001,75.660004,76.040001,72.221771,576800
2014-08-13,76.160004,77.959999,76.160004,77.180000,73.304527,599200
2014-08-14,77.099998,77.809998,74.650002,75.860001,72.050804,1125400
2014-08-15,77.349998,78.620003,76.400002,78.449997,74.510757,912300
2014-08-18,78.500000,80.029999,77.410004,79.779999,75.773964,1350900
2014-08-19,79.830002,81.820000,79.610001,80.000000,75.982910,1100700
2014-08-20,79.800003,80.550003,78.750000,80.239998,76.210869,658400
2014-08-21,80.360001,81.139999,79.629997,80.739998,76.685753,850200
2014-08-22,80.800003,80.800003,78.669998,79.980003,75.963928,691900
2014-08-25,80.330002,81.889999,79.680000,81.400002,77.312614,835800
2014-08-26,81.760002,85.500000,81.540001,83.879997,79.668098,1391500
2014-08-27,84.239998,84.260002,81.779999,82.599998,78.452362,725600
2014-08-28,82.410004,83.430000,81.919998,83.199997,79.022240,638100
2014-08-29,83.510002,86.820000,83.510002,86.349998,82.014069,1062000
2014-09-02,86.489998,86.720001,82.720001,83.230003,79.050728,1137000
2014-09-03,83.989998,84.540001,82.309998,83.839996,79.630096,969400
2014-09-04,83.970001,84.370003,78.160004,79.500000,75.508034,2162900
2014-09-05,78.760002,79.820000,77.739998,79.250000,75.270592,1125800
2014-09-08,78.809998,78.820000,76.250000,77.419998,73.532471,1323600
2014-09-09,77.489998,79.120003,75.570000,76.459999,72.620674,1162800
2014-09-10,76.010002,77.709999,74.610001,76.800003,72.943611,1018900
2014-09-11,75.720001,78.160004,75.650002,77.870003,73.959885,803200
2014-09-12,77.410004,77.870003,75.830002,76.559998,72.715645,546200
2014-09-15,76.279999,77.269997,75.199997,76.239998,72.411713,707900
2014-09-16,76.349998,79.779999,75.750000,78.220001,74.292305,835300
2014-09-17,78.540001,79.300003,77.010002,77.699997,73.798393,867500
2014-09-18,75.910004,77.480003,75.250000,76.180000,72.354729,2357300
2014-09-19,76.400002,77.000000,74.739998,75.550003,71.756371,1628700
2014-09-22,75.510002,75.550003,72.930000,73.459999,69.771317,1101600
2014-09-23,73.309998,74.930000,72.639999,72.839996,69.182442,913600
2014-09-24,73.059998,74.470001,70.660004,74.300003,70.569145,1752800
2014-09-25,73.930000,74.129997,71.879997,72.599998,68.954491,1334600
2014-09-26,72.570000,73.970001,71.870003,73.639999,69.942268,747600
2014-09-29,74.970001,76.949997,74.260002,76.760002,72.905617,2375800
2014-09-30,76.949997,77.300003,73.379997,74.779999,71.025017,1609600
2014-10-01,75.300003,76.699997,73.290001,74.410004,70.673615,1983600
2014-10-02,73.449997,76.940002,71.720001,75.279999,71.499924,1704600
2014-10-03,75.580002,75.580002,72.510002,73.000000,69.334419,873900
2014-10-06,73.129997,74.580002,71.940002,73.970001,70.255707,1040600
2014-10-07,73.669998,74.529999,71.339996,71.449997,67.862244,1183800
2014-10-08,70.949997,73.410004,68.580002,73.120003,69.448402,1503900
2014-10-09,72.430000,72.430000,68.559998,69.269997,65.791702,1436100
2014-10-10,68.800003,68.849998,63.139999,64.750000,61.498672,2625500
2014-10-13,63.250000,65.540001,58.410000,59.209999,56.236855,3605700
2014-10-14,59.000000,61.759998,56.900002,58.439999,55.505524,3573000
2014-10-15,56.950001,60.480000,56.340000,59.980000,56.968197,1971100
2014-10-16,59.139999,64.040001,57.400002,63.119999,59.950527,2024000
2014-10-17,64.599998,68.440002,61.860001,63.349998,60.168976,1731600
2014-10-20,63.000000,65.800003,62.029999,64.279999,61.052277,752300
2014-10-21,65.389999,67.559998,64.790001,67.489998,64.101097,1882500
2014-10-22,67.809998,69.650002,64.099998,64.199997,60.976284,1461300
2014-10-23,65.349998,68.260002,63.810001,67.220001,63.844658,1535300
2014-10-24,66.830002,67.570000,65.070000,67.239998,63.863644,774200
2014-10-27,64.610001,65.000000,60.509998,64.129997,60.909805,1422000
2014-10-28,64.650002,67.830002,63.720001,67.779999,64.376526,757000
2014-10-29,68.250000,70.000000,67.360001,69.080002,65.611244,1219100
2014-10-30,68.089996,68.959999,66.419998,67.680000,64.281548,966600
2014-10-31,67.959999,68.610001,64.070000,68.440002,65.003387,1746100
2014-11-03,68.440002,71.540001,66.519997,67.389999,64.006111,1337800
2014-11-04,65.519997,66.410004,62.680000,63.639999,60.444412,1948200
2014-11-05,67.089996,67.089996,63.029999,65.010002,61.745632,1402500
2014-11-06,64.459999,66.010002,63.700001,65.820000,62.514935,1091800
2014-11-07,66.089996,69.540001,66.089996,69.489998,66.000648,1403800
2014-11-10,70.139999,71.389999,66.309998,66.599998,63.255783,1361900
2014-11-11,66.620003,68.750000,65.910004,67.500000,64.110588,1143200
2014-11-12,64.779999,65.940002,64.250000,64.809998,61.555672,3320300
2014-11-13,64.489998,65.599998,63.200001,64.760002,61.508171,1750100
2014-11-14,65.110001,67.910004,64.599998,67.790001,64.386040,1044000
2014-11-17,66.900002,67.559998,62.980000,63.720001,60.520393,1575000
2014-11-18,63.610001,65.430000,62.400002,64.370003,61.137756,1264000
2014-11-19,64.589996,65.440002,62.840000,65.129997,61.859600,1008700
2014-11-20,65.139999,67.330002,65.089996,67.209999,63.835155,813000
2014-11-21,68.500000,71.300003,68.260002,69.739998,66.238098,1509100
2014-11-24,69.160004,69.830002,67.000000,68.089996,64.670967,1300100
2014-11-25,68.639999,69.400002,66.529999,67.029999,63.664192,1169600
2014-11-26,66.800003,66.809998,64.230003,64.879997,61.622135,961800
2014-11-28,58.860001,61.860001,54.480000,56.400002,53.567959,2111700
2014-12-01,56.189999,57.450001,53.869999,55.810001,53.007587,1516000
2014-12-02,55.369999,58.709999,54.439999,57.840000,54.935646,1981400
2014-12-03,58.450001,63.110001,56.970001,59.860001,56.854221,1624500
2014-12-04,58.939999,60.200001,57.410000,58.480000,55.543514,1272400
2014-12-05,58.389999,59.689999,57.480000,58.790001,55.837952,1507000
2014-12-08,57.310001,57.310001,53.930000,54.799999,52.048294,1576700
2014-12-09,54.220001,57.660000,53.709999,56.680000,53.833900,1354400
2014-12-10,55.849998,56.509998,53.000000,53.650002,50.956043,1325600
2014-12-11,53.279999,55.720001,52.939999,53.110001,50.443169,1017000
2014-12-12,51.860001,54.919998,51.790001,52.470001,49.835300,2185300
2014-12-15,52.860001,54.330002,51.689999,53.410000,50.728100,1413600
2014-12-16,52.080002,58.959999,51.950001,55.840000,53.036076,2552400
2014-12-17,55.939999,59.950001,55.740002,58.970001,56.008911,4351300
2014-12-18,61.599998,62.389999,57.820000,59.580002,56.588287,1985600
2014-12-19,59.900002,63.029999,58.700001,62.560001,59.418644,1600000
2014-12-22,61.570000,62.480000,59.320000,61.070000,58.003464,933300
2014-12-23,61.250000,62.230000,60.410000,61.700001,58.601833,840900
2014-12-24,61.169998,61.290001,59.000000,60.180000,57.158154,384500
2014-12-26,61.750000,61.750000,59.560001,60.410000,57.376602,427200
2014-12-29,60.660000,62.310001,59.080002,60.380001,57.348110,672500
2014-12-30,59.720001,61.520000,58.820000,59.869999,56.863724,823000
2014-12-31,58.849998,61.070000,57.610001,59.779999,56.778236,1022500
2015-01-02,60.049999,61.509998,58.740002,59.930000,56.920700,1023200
2015-01-05,59.200001,59.590000,55.869999,57.279999,54.403767,1421500
2015-01-06,56.720001,58.189999,55.529999,57.369999,54.489246,1394500
2015-01-07,58.400002,60.029999,57.180000,58.250000,55.325062,1197000
2015-01-08,58.740002,61.330002,57.709999,61.090000,58.022457,1217300
2015-01-09,61.259998,62.389999,60.080002,61.840000,58.734798,858200
2015-01-12,60.669998,61.310001,57.790001,59.470001,56.483810,1168200
2015-01-13,60.040001,61.590000,59.419998,61.240002,58.164932,927900
2015-01-14,61.490002,66.000000,61.299999,65.300003,62.021065,2873500
2015-01-15,66.449997,67.300003,63.279999,63.450001,60.263950,2094200
2015-01-16,64.199997,66.720001,64.000000,65.629997,62.334476,2162800
2015-01-20,64.349998,65.790001,61.910000,62.810001,59.656094,1837700
2015-01-21,61.970001,68.900002,61.520000,68.540001,65.098366,2502400
2015-01-22,68.940002,69.510002,67.160004,67.980003,64.566490,1611900
2015-01-23,67.559998,69.169998,66.279999,67.000000,63.635696,1035200
2015-01-26,67.050003,68.970001,66.160004,68.510002,65.069870,1585300
2015-01-27,67.680000,70.830002,67.529999,68.970001,65.506783,1336600
2015-01-28,68.099998,68.550003,65.339996,66.080002,62.761894,1225500
2015-01-29,66.680000,68.660004,64.209999,68.639999,65.193344,1136500
2015-01-30,67.570000,70.660004,66.739998,68.989998,65.525764,1544700
2015-02-02,69.730003,72.000000,68.000000,69.739998,66.238098,1456100
2015-02-03,71.330002,72.809998,68.750000,69.680000,66.181122,1676800
2015-02-04,68.669998,69.559998,66.599998,67.129997,63.759155,1019400
2015-02-05,68.459999,69.449997,67.279999,69.059998,65.592247,1056800
2015-02-06,69.809998,71.059998,68.970001,70.830002,67.273376,1270600
2015-02-09,71.050003,72.120003,70.080002,70.129997,66.608536,983900
2015-02-10,70.419998,70.449997,67.570000,69.400002,65.915192,1084400
2015-02-11,67.690002,68.879997,65.550003,68.779999,65.326317,1473300
2015-02-12,69.919998,73.400002,69.870003,72.970001,69.305931,1622200
2015-02-13,74.500000,75.279999,72.610001,73.459999,69.771317,1238200
2015-02-17,72.690002,74.190002,72.260002,73.570000,69.875786,1456200
2015-02-18,71.349998,75.779999,71.269997,73.800003,70.094246,1725400
2015-02-19,72.269997,76.930000,71.250000,75.860001,72.050804,1322800
2015-02-20,76.029999,76.809998,74.370003,75.089996,71.319458,1241700
2015-02-23,73.510002,75.199997,72.360001,74.360001,70.626137,1056400
2015-02-24,75.080002,75.339996,72.879997,74.080002,70.360191,755300
2015-02-25,74.809998,76.059998,73.550003,74.959999,71.195984,1075600
2015-02-26,74.379997,74.580002,72.330002,73.169998,69.495880,856900
2015-02-27,73.739998,73.739998,70.849998,71.209999,67.634293,931300
2015-03-02,70.889999,72.269997,69.739998,70.980003,67.415840,1051300
2015-03-03,71.230003,72.000000,70.480003,71.690002,68.090202,1694900
2015-03-04,72.889999,73.570000,71.010002,71.809998,68.204178,1532600
2015-03-05,71.400002,72.250000,70.720001,71.180000,67.605812,1059400
2015-03-06,70.180000,71.349998,69.570000,69.860001,66.352074,740700
2015-03-09,69.949997,71.400002,69.400002,69.610001,66.114639,983800
2015-03-10,68.709999,70.199997,68.080002,68.089996,64.670967,859000
2015-03-11,68.320000,70.440002,68.000000,70.050003,66.532547,817700
2015-03-12,70.889999,71.489998,69.879997,69.940002,66.428062,738300
2015-03-13,68.949997,69.809998,67.519997,69.680000,66.181122,1105200
2015-03-16,68.989998,70.000000,67.790001,70.000000,66.485046,662300
2015-03-17,70.389999,71.500000,69.519997,70.470001,66.931442,856100
2015-03-18,69.809998,72.800003,69.239998,72.650002,69.001991,1238400
2015-03-19,71.230003,72.260002,70.379997,71.489998,67.900230,669300
2015-03-20,71.980003,72.540001,71.099998,72.339996,68.707550,1595700
2015-03-23,72.410004,73.500000,71.529999,71.580002,67.985718,1423000
2015-03-24,71.510002,73.930000,71.360001,73.769997,70.065742,931900
2015-03-25,75.169998,75.680000,73.870003,74.919998,71.157990,867100
2015-03-26,75.949997,78.750000,75.949997,76.849998,72.991104,1887200
2015-03-27,75.290001,76.580002,74.739998,75.169998,71.395447,938700
2015-03-30,76.339996,77.820000,75.209999,77.629997,73.731934,1079600
2015-03-31,75.879997,77.440002,75.180000,76.839996,72.981590,992600
2015-04-01,77.599998,79.250000,76.470001,77.400002,73.513474,1137500
2015-04-02,76.820000,79.699997,76.669998,78.879997,74.919151,891600
2015-04-06,80.459999,80.639999,78.769997,79.470001,75.479546,941700
2015-04-07,79.099998,81.449997,79.099998,79.959999,75.944923,994200
2015-04-08,80.379997,80.889999,77.800003,78.059998,74.140327,887100
2015-04-09,78.830002,80.839996,78.110001,80.720001,76.666756,1196000
2015-04-10,81.389999,81.660004,80.220001,80.750000,76.695244,899600
2015-04-13,81.570000,81.879997,79.300003,79.860001,75.849953,850700
2015-04-14,80.550003,81.239998,79.980003,80.389999,76.353340,1003800
2015-04-15,82.290001,83.000000,80.730003,82.410004,78.271912,1431100
2015-04-16,82.000000,84.099998,81.500000,83.320000,79.136223,1177700
2015-04-17,82.669998,83.599998,81.680000,82.570000,78.423866,798500
2015-04-20,82.910004,85.820000,82.809998,84.070000,79.848549,1021900
2015-04-21,83.959999,84.070000,82.010002,82.809998,78.651825,774700
2015-04-22,82.930000,83.470001,81.440002,81.980003,77.863503,880400
2015-04-23,82.059998,83.330002,81.760002,81.959999,77.844490,893300
2015-04-24,81.989998,82.300003,79.449997,79.830002,75.821465,862900
2015-04-27,80.160004,80.989998,79.059998,79.730003,75.726479,755900
2015-04-28,80.239998,80.779999,79.419998,80.230003,76.201378,708800
2015-04-29,79.820000,83.290001,79.820000,82.959999,78.794289,988300
2015-04-30,82.949997,84.089996,81.120003,82.570000,78.423866,841100
2015-05-01,82.620003,83.150002,81.019997,81.879997,77.768517,615600
2015-05-04,81.199997,83.070000,81.010002,82.940002,78.775291,1005900
2015-05-05,83.709999,84.760002,79.430000,79.760002,75.754974,1272200
2015-05-06,80.320000,80.709999,78.120003,78.669998,74.719704,911200
2015-05-07,79.500000,79.500000,74.370003,75.339996,71.556908,2329400
2015-05-08,76.779999,77.980003,74.250000,77.010002,73.143051,4787000
2015-05-11,77.010002,78.830002,76.500000,78.330002,74.396767,1735400
2015-05-12,78.860001,80.660004,78.220001,79.589996,75.593498,731900
2015-05-13,80.220001,80.580002,78.650002,79.419998,75.432037,827900
2015-05-14,79.430000,80.059998,77.110001,77.199997,73.323509,1277400
2015-05-15,77.879997,79.239998,75.750000,78.930000,74.966652,1088200
2015-05-18,78.790001,79.839996,78.220001,79.230003,75.251579,825800
2015-05-19,78.830002,79.260002,76.400002,77.470001,73.579956,993100
2015-05-20,77.599998,78.690002,76.129997,78.529999,74.586739,1064700
2015-05-21,79.000000,81.370003,78.169998,80.620003,76.571777,880100
2015-05-22,79.879997,81.699997,79.349998,81.379997,77.293610,802500
2015-05-26,80.150002,81.150002,78.879997,79.230003,75.251579,934300
2015-05-27,79.250000,79.800003,78.269997,79.180000,75.204102,776900
2015-05-28,78.750000,78.750000,76.120003,77.529999,73.636963,1143500
2015-05-29,77.589996,78.930000,77.389999,77.809998,73.902885,1206700
2015-06-01,78.519997,79.019997,77.260002,78.959999,74.995148,686100
2015-06-02,79.290001,80.300003,78.629997,79.029999,75.061623,637900
2015-06-03,78.949997,79.099998,77.550003,77.660004,73.760422,822200
2015-06-04,76.989998,77.080002,75.580002,76.459999,72.620674,740000
2015-06-05,76.260002,79.500000,75.989998,78.260002,74.330299,989400
2015-06-08,78.290001,80.430000,77.680000,78.830002,74.871674,1015300
2015-06-09,79.309998,80.919998,79.309998,79.989998,75.973419,735700
2015-06-10,81.089996,81.980003,80.260002,81.430000,77.341118,683200
2015-06-11,81.470001,81.839996,80.809998,81.040001,76.970695,442900
2015-06-12,80.800003,80.800003,79.879997,80.650002,76.600281,433900
2015-06-15,80.029999,80.220001,79.070000,79.889999,75.878441,856400
2015-06-16,79.709999,81.169998,79.080002,80.750000,76.695244,595200
2015-06-17,81.459999,82.489998,78.529999,79.389999,75.403549,702100
2015-06-18,79.849998,80.639999,78.480003,78.570000,74.624725,655900
2015-06-19,76.529999,78.639999,76.489998,76.620003,72.772644,1409000
2015-06-22,77.379997,79.400002,76.169998,78.809998,74.852669,974200
2015-06-23,78.730003,80.120003,77.930000,79.889999,75.878441,848800
2015-06-24,80.000000,80.680000,77.769997,77.959999,74.045341,749900
2015-06-25,77.870003,78.800003,76.160004,76.389999,72.554192,742000
2015-06-26,75.480003,76.320000,73.379997,75.250000,71.471443,7678900
2015-06-29,74.260002,75.940002,73.730003,75.160004,71.385948,1228900
2015-06-30,75.949997,76.309998,73.360001,75.379997,71.594910,1209400
2015-07-01,76.410004,77.360001,72.589996,72.820000,69.163452,1441600
2015-07-02,72.820000,73.239998,72.220001,73.129997,69.457886,833200
2015-07-06,71.910004,73.330002,69.900002,70.209999,66.684517,1371500
2015-07-07,70.059998,71.169998,67.559998,71.059998,67.491837,1859400
2015-07-08,70.330002,71.620003,68.269997,69.290001,65.810699,1022300
2015-07-09,70.230003,71.910004,70.099998,70.860001,67.301880,1339100
2015-07-10,71.300003,71.690002,69.570000,70.889999,67.330368,973400
2015-07-13,70.519997,71.459999,70.029999,71.309998,67.729271,781400
2015-07-14,71.709999,74.220001,71.349998,73.339996,69.657341,1052100
2015-07-15,72.709999,72.949997,69.980003,70.690002,67.140404,962800
2015-07-16,70.870003,71.750000,68.459999,69.190002,65.715736,1006100
2015-07-17,69.110001,69.110001,65.849998,66.269997,62.942356,1992900
2015-07-20,66.059998,66.209999,64.180000,64.830002,61.574657,1331000
2015-07-21,65.150002,66.849998,64.660004,65.970001,62.657413,1233200
2015-07-22,65.339996,66.440002,64.389999,66.239998,62.913857,1337200
2015-07-23,66.250000,66.709999,64.040001,66.290001,62.961346,1813900
2015-07-24,66.389999,66.470001,63.119999,63.900002,60.691357,1810100
2015-07-27,63.049999,64.250000,62.230000,63.299999,60.121487,1128300
2015-07-28,63.500000,65.599998,62.580002,64.989998,61.726620,725800
2015-07-29,64.629997,67.910004,63.990002,67.650002,64.253059,1386100
2015-07-30,67.360001,68.660004,65.940002,67.680000,64.281548,1543000
2015-07-31,67.239998,68.570000,66.510002,67.300003,63.920643,1275700
2015-08-03,66.800003,69.440002,66.410004,66.820000,63.464756,1302000
2015-08-04,67.440002,69.349998,67.190002,67.989998,64.575981,1543800
2015-08-05,68.989998,69.989998,67.510002,68.370003,64.936897,1710600
2015-08-06,68.400002,70.959999,65.889999,70.480003,66.940964,1967800
2015-08-07,70.059998,71.730003,68.430000,68.839996,65.383293,1149200
2015-08-10,69.089996,70.959999,68.809998,70.190002,66.665512,1427100
2015-08-11,69.110001,71.110001,68.000000,70.870003,67.311378,858900
2015-08-12,70.550003,73.209999,69.959999,72.480003,68.840523,1038100
2015-08-13,70.709999,72.059998,70.019997,71.669998,68.071205,2579900
2015-08-14,72.389999,74.190002,71.599998,73.900002,70.189217,1502800
2015-08-17,73.269997,73.629997,71.599998,72.209999,68.584091,987100
2015-08-18,72.680000,73.480003,71.400002,73.379997,69.695335,766000
2015-08-19,72.750000,73.129997,70.050003,71.839996,68.232666,1059800
2015-08-20,72.000000,72.279999,70.150002,70.230003,66.703514,1055500
2015-08-21,69.309998,70.220001,66.330002,66.550003,63.208294,1998600
2015-08-24,64.839996,65.790001,60.340000,61.750000,58.649319,2022700
2015-08-25,65.320000,65.779999,60.790001,60.820000,57.766018,1345500
2015-08-26,62.480000,62.580002,60.279999,62.090000,58.972248,1104700
2015-08-27,63.509998,67.660004,62.580002,65.699997,62.400978,1676500
2015-08-28,65.019997,69.300003,64.550003,66.559998,63.217785,1608900
2015-08-31,65.930000,69.150002,65.309998,68.290001,64.860916,1974300
2015-09-01,66.389999,67.889999,63.689999,64.519997,61.280224,1462600
2015-09-02,65.580002,67.489998,63.330002,67.449997,64.063095,1383700
2015-09-03,68.050003,69.000000,66.800003,66.980003,63.616695,944000
2015-09-04,65.989998,67.169998,65.459999,66.000000,62.685913,701800
2015-09-08,65.949997,67.879997,65.180000,67.309998,63.930115,818600
2015-09-09,67.980003,68.400002,65.000000,65.050003,61.783615,881600
2015-09-10,65.400002,67.639999,63.820000,66.879997,63.521725,1056500
2015-09-11,65.889999,66.309998,63.439999,66.309998,62.980343,1112800
2015-09-14,66.199997,66.440002,64.580002,65.720001,62.419964,704500
2015-09-15,66.209999,67.419998,66.000000,66.699997,63.350765,645200
2015-09-16,67.330002,70.720001,67.290001,69.889999,66.380569,1397200
2015-09-17,70.180000,71.639999,69.440002,69.809998,66.304588,1012300
2015-09-18,68.019997,69.379997,67.720001,69.000000,65.535271,1592000
2015-09-21,69.660004,70.760002,68.559998,69.419998,65.934181,1131200
2015-09-22,68.389999,71.300003,67.440002,69.180000,65.706245,1372800
2015-09-23,69.209999,70.209999,66.400002,66.489998,63.151299,931900
2015-09-24,65.900002,67.349998,64.209999,66.669998,63.322273,729100
2015-09-25,67.699997,67.720001,65.239998,66.010002,62.695393,925800
2015-09-28,65.110001,65.430000,62.240002,62.630001,59.485126,983500
2015-09-29,62.730000,64.209999,62.110001,63.000000,59.836552,795300
2015-09-30,63.860001,65.309998,62.849998,64.599998,61.356205,769600
2015-10-01,66.089996,67.599998,63.770000,65.559998,62.268005,1447500
2015-10-02,65.110001,69.519997,63.360001,69.360001,65.877190,1442900
2015-10-05,69.779999,72.339996,69.779999,72.209999,68.584091,1242900
2015-10-06,73.000000,74.669998,70.610001,72.580002,68.935509,1916800
2015-10-07,73.690002,76.209999,71.680000,73.650002,69.951775,1645100
2015-10-08,73.230003,76.739998,72.419998,76.220001,72.392731,1060000
2015-10-09,76.550003,77.919998,74.739998,76.949997,73.086082,1708100
2015-10-12,76.449997,77.919998,75.089996,76.910004,73.048088,1085900
2015-10-13,76.519997,77.959999,75.809998,76.169998,72.345253,652700
2015-10-14,76.419998,76.610001,74.870003,76.430000,72.592178,706300
2015-10-15,75.940002,76.739998,73.959999,75.680000,71.879845,912300
2015-10-16,75.930000,77.980003,75.800003,77.180000,73.304527,1115300
2015-10-19,76.120003,76.430000,71.849998,73.309998,69.628853,1295900
2015-10-20,74.029999,75.099998,72.230003,73.360001,69.676331,831400
2015-10-21,73.110001,73.110001,71.059998,71.269997,67.691277,599900
2015-10-22,71.809998,73.000000,71.099998,72.349998,68.717056,802000
2015-10-23,72.010002,72.809998,70.559998,71.919998,68.308647,1203400
2015-10-26,71.970001,73.610001,71.269997,72.879997,69.220436,986500
2015-10-27,71.900002,72.830002,71.000000,72.559998,68.916504,961900
2015-10-28,72.900002,76.360001,71.750000,75.500000,71.708893,1395000
2015-10-29,74.919998,76.610001,74.639999,75.400002,71.613899,1186800
2015-10-30,76.080002,76.129997,73.129997,73.839996,70.132225,1129000
2015-11-02,73.830002,74.940002,73.290001,73.410004,69.723846,1293300
2015-11-03,73.809998,79.320000,73.339996,77.260002,73.380508,1873400
2015-11-04,79.000000,79.000000,75.000000,76.080002,72.259750,1374700
2015-11-05,76.000000,79.000000,74.650002,77.089996,73.219040,991500
2015-11-06,76.500000,78.959999,76.360001,77.790001,73.883904,1005400
2015-11-09,78.010002,79.989998,77.489998,79.620003,75.622017,1134800
2015-11-10,79.209999,79.949997,78.269997,79.599998,75.602997,740400
2015-11-11,79.669998,80.120003,77.839996,79.830002,75.821465,1224900
2015-11-12,78.489998,80.070000,77.639999,78.089996,74.168831,1407800
2015-11-13,77.830002,78.940002,76.680000,76.720001,72.867622,1073500
2015-11-16,77.269997,79.790001,76.449997,79.660004,75.659988,1272900
2015-11-17,80.000000,80.989998,78.099998,79.610001,75.612511,842500
2015-11-18,80.000000,81.860001,78.110001,81.419998,77.331612,1429500
2015-11-19,80.419998,81.000000,76.050003,77.059998,73.190552,1124500
2015-11-20,77.010002,78.400002,76.519997,77.470001,73.579956,1009900
2015-11-23,77.309998,79.970001,76.139999,79.739998,75.735962,1331200
2015-11-24,80.500000,82.190002,78.169998,79.940002,75.925926,1456100
2015-11-25,78.970001,80.110001,77.820000,78.699997,74.748207,697400
2015-11-27,77.910004,78.519997,76.580002,77.519997,73.627441,395900
2015-11-30,77.419998,79.589996,77.190002,78.019997,74.102341,608200
2015-12-01,78.330002,79.349998,77.470001,78.199997,74.273293,816700
2015-12-02,78.779999,78.779999,74.870003,76.790001,72.934097,1072500
2015-12-03,77.790001,78.330002,75.760002,76.750000,72.896111,631200
2015-12-04,76.250000,78.160004,74.900002,76.309998,72.478203,1056100
2015-12-07,74.489998,75.430000,71.470001,73.849998,70.141724,1624500
2015-12-08,72.589996,75.790001,72.239998,74.940002,71.177017,1987600
2015-12-09,76.160004,78.389999,75.010002,77.019997,73.152557,1089600
2015-12-10,76.459999,80.000000,75.510002,79.089996,75.118599,1794400
2015-12-11,77.690002,78.599998,75.910004,76.559998,72.715645,1084700
2015-12-14,75.800003,76.610001,73.779999,75.610001,71.813354,1574100
2015-12-15,75.709999,77.690002,75.440002,76.510002,72.668175,1440600
2015-12-16,76.989998,77.489998,71.959999,72.360001,68.726540,1324800
2015-12-17,73.349998,73.349998,67.900002,68.750000,65.297821,2030900
2015-12-18,68.809998,69.150002,65.750000,66.160004,62.837879,1670500
2015-12-21,66.129997,67.519997,61.509998,62.200001,59.076717,2606600
2015-12-22,62.250000,64.820000,61.869999,63.349998,60.168976,1368100
2015-12-23,64.889999,67.599998,64.000000,67.459999,64.072586,1192000
2015-12-24,67.279999,68.449997,66.129997,67.919998,64.509491,486200
2015-12-28,67.150002,67.150002,64.620003,65.430000,62.144535,889400
2015-12-29,67.230003,67.769997,64.919998,66.440002,63.103817,815600
2015-12-30,65.370003,67.029999,64.839996,66.019997,62.704899,633400
2015-12-31,65.769997,67.669998,65.739998,66.900002,63.540718,770400
2016-01-04,66.449997,67.150002,65.099998,66.110001,62.790386,1199700
2016-01-05,66.099998,66.599998,64.599998,65.190002,61.916588,1006900
2016-01-06,64.019997,64.019997,61.750000,62.200001,59.076717,1324900
2016-01-07,60.740002,63.630001,60.099998,60.400002,57.367107,1080800
2016-01-08,61.000000,61.869999,58.790001,60.759998,57.709023,1259300
2016-01-11,60.639999,61.439999,56.779999,57.599998,54.707703,1944900
2016-01-12,58.639999,59.279999,55.480000,58.520000,55.581501,2440200
2016-01-13,59.820000,60.549999,56.849998,59.509998,56.521786,5736200
2016-01-14,60.759998,63.200001,58.900002,62.680000,59.532619,2322300
2016-01-15,59.680000,63.340000,59.259998,63.160000,59.988514,2016900
2016-01-19,63.299999,64.570000,59.430000,60.480000,57.443089,1662300
2016-01-20,59.000000,62.580002,56.590000,60.910000,57.851498,2868800
2016-01-21,60.860001,64.879997,60.599998,64.099998,60.881317,1917900
2016-01-22,65.199997,68.989998,64.440002,66.169998,62.847370,1869500
2016-01-25,64.059998,66.529999,61.590000,62.080002,58.962749,1283300
2016-01-26,63.689999,66.989998,61.860001,66.529999,63.189293,1354400
2016-01-27,66.320000,69.790001,65.489998,68.269997,64.841934,2477500
2016-01-28,71.180000,73.489998,70.099998,72.790001,69.134949,2382100
2016-01-29,73.339996,75.660004,73.019997,75.550003,71.756371,2600700
2016-02-01,74.410004,74.440002,71.370003,72.599998,68.954491,1880400
2016-02-02,70.709999,73.120003,70.190002,71.250000,67.672287,990400
2016-02-03,72.419998,75.000000,69.989998,74.879997,71.120010,1342900
2016-02-04,75.480003,76.860001,71.680000,72.000000,68.384636,2528900
2016-02-05,71.459999,71.459999,66.570000,67.309998,63.930115,2423700
2016-02-08,66.040001,70.349998,65.019997,69.949997,66.437561,1903600
2016-02-09,68.769997,69.680000,64.879997,67.059998,63.692688,1698000
2016-02-10,67.279999,69.379997,65.699997,67.330002,63.949135,1534000
2016-02-11,65.220001,68.570000,63.759998,67.900002,64.490501,1795200
2016-02-12,69.900002,71.110001,67.099998,69.129997,65.658722,1641300
2016-02-16,70.540001,71.410004,67.290001,67.970001,64.556984,2106500
2016-02-17,69.519997,72.199997,66.230003,70.440002,66.902962,2530300
2016-02-18,70.199997,71.730003,67.680000,70.250000,66.722504,1885000
2016-02-19,69.419998,72.169998,68.379997,72.080002,68.460617,1434900
2016-02-22,74.129997,74.669998,72.089996,73.699997,69.999260,1367500
2016-02-23,73.699997,73.699997,69.879997,69.989998,66.475563,1212000
2016-02-24,71.059998,71.769997,67.519997,71.720001,68.118683,1043400
2016-02-25,71.139999,72.250000,68.330002,71.559998,67.966721,1200900
2016-02-26,72.580002,73.989998,71.849998,72.599998,68.954491,1197700
2016-02-29,72.699997,73.220001,70.510002,71.250000,67.672287,1371300
2016-03-01,71.760002,72.510002,68.959999,72.489998,68.850021,1673200
2016-03-02,72.209999,74.000000,71.250000,74.000000,70.284195,1374200
2016-03-03,73.410004,74.400002,70.849998,72.510002,68.869034,2734300
2016-03-04,72.989998,76.040001,71.800003,75.989998,72.174263,2124500
2016-03-07,75.699997,76.730003,73.709999,76.239998,72.411713,2460600
2016-03-08,75.360001,76.489998,73.650002,74.389999,70.654610,1518100
2016-03-09,75.720001,75.919998,73.500000,74.699997,70.949051,1215600
2016-03-10,74.400002,75.379997,72.750000,75.080002,71.309982,872500
2016-03-11,75.940002,79.320000,74.820000,78.430000,74.491753,1752100
2016-03-14,76.739998,78.199997,75.209999,76.010002,72.193268,835500
2016-03-15,74.830002,77.209999,74.610001,76.980003,73.114571,916800
2016-03-16,77.529999,78.470001,75.230003,77.110001,73.238037,1340100
2016-03-17,77.879997,77.970001,76.709999,77.489998,73.598953,1144900
2016-03-18,78.000000,79.220001,76.760002,77.620003,73.722427,1760600
2016-03-21,77.110001,78.410004,76.580002,78.050003,74.130852,829700
2016-03-22,77.379997,79.040001,77.199997,78.019997,74.102341,1073700
2016-03-23,76.650002,78.500000,76.510002,76.699997,72.848633,1013100
2016-03-24,75.690002,77.660004,75.110001,77.430000,73.541969,843100
2016-03-28,76.660004,77.669998,74.809998,76.459999,72.620674,699300
2016-03-29,75.470001,77.690002,75.239998,77.160004,73.285538,987400
2016-03-30,78.190002,79.580002,76.699997,79.029999,75.061623,1393800
2016-03-31,78.959999,79.870003,76.980003,77.180000,73.304527,1128100
2016-04-01,76.000000,77.339996,75.309998,76.769997,72.915108,1090600
2016-04-04,77.070000,77.820000,74.440002,74.510002,70.768600,945300
2016-04-05,74.440002,74.519997,73.120003,73.800003,70.094246,1216600
2016-04-06,74.540001,76.790001,73.820000,76.690002,72.839127,1064500
2016-04-07,76.059998,79.180000,75.970001,79.070000,75.099617,1277500
2016-04-08,80.599998,82.500000,79.570000,81.050003,76.980194,1362100
2016-04-11,81.349998,82.059998,79.970001,80.580002,76.533791,793300
2016-04-12,81.010002,83.209999,80.309998,82.050003,77.929985,1056800
2016-04-13,81.699997,82.230003,80.220001,81.400002,77.312614,774300
2016-04-14,81.470001,81.800003,80.500000,81.730003,77.626053,444600
2016-04-15,80.879997,80.949997,79.830002,80.110001,76.087402,778100
2016-04-18,77.919998,82.010002,77.500000,81.820000,77.711533,918000
2016-04-19,82.300003,84.449997,81.750000,82.300003,78.167435,1254100
2016-04-20,81.910004,84.480003,80.610001,83.449997,79.259682,847600
2016-04-21,84.510002,84.510002,82.099998,82.550003,78.404877,552700
2016-04-22,82.650002,84.410004,82.639999,83.680000,79.478142,810100
2016-04-25,83.070000,84.870003,83.070000,84.480003,80.237968,1032200
2016-04-26,84.820000,87.129997,84.779999,86.510002,82.166031,1139100
2016-04-27,87.129997,89.120003,87.000000,88.430000,83.989624,1320900
2016-04-28,88.230003,89.220001,86.580002,86.879997,82.517456,907600
2016-04-29,87.110001,88.300003,84.970001,86.580002,82.232513,977700
2016-05-02,87.080002,87.769997,85.559998,87.610001,83.210793,1277200
2016-05-03,86.910004,88.000000,83.010002,84.900002,80.636879,1882900
2016-05-04,85.400002,87.940002,82.190002,84.169998,79.943527,2147900
2016-05-05,85.849998,88.459999,85.849998,87.680000,83.277275,1796500
2016-05-06,86.989998,88.570000,85.309998,85.459999,81.168739,756800
2016-05-09,84.550003,86.139999,83.680000,85.730003,81.425194,1002400
2016-05-10,86.029999,87.570000,85.779999,87.410004,83.020836,903600
2016-05-11,87.010002,88.320000,86.269997,86.489998,82.147018,1036400
2016-05-12,87.410004,88.410004,85.750000,87.139999,82.764381,921300
2016-05-13,86.599998,87.699997,84.889999,85.489998,81.197243,778900
2016-05-16,86.860001,87.989998,86.379997,86.580002,82.232513,697000
2016-05-17,86.860001,87.750000,85.690002,86.940002,82.574440,797900
2016-05-18,87.040001,87.620003,85.889999,86.930000,82.564934,527300
2016-05-19,85.930000,87.330002,83.889999,86.930000,82.564934,871600
2016-05-20,87.500000,87.500000,86.180000,87.019997,82.650429,736700
2016-05-23,86.550003,87.580002,85.639999,86.839996,82.479446,569600
2016-05-24,87.519997,88.500000,86.739998,87.970001,83.552727,904000
2016-05-25,88.440002,89.790001,87.989998,89.739998,85.233849,1001000
2016-05-26,90.000000,92.919998,89.889999,91.910004,87.294884,1792600
2016-05-27,91.419998,93.919998,90.320000,92.860001,88.197174,2747300
2016-05-31,93.000000,93.769997,90.459999,90.949997,86.383072,978500
2016-06-01,90.269997,92.169998,90.050003,91.529999,86.933960,969600
2016-06-02,90.650002,92.660004,89.400002,92.419998,87.779266,1062500
2016-06-03,92.309998,92.529999,89.900002,90.110001,85.585274,1318800
2016-06-06,90.839996,91.629997,89.800003,90.870003,86.307106,1172100
2016-06-07,91.470001,94.949997,91.470001,94.589996,89.840309,1366700
2016-06-08,95.449997,96.010002,92.430000,93.129997,88.453613,970700
2016-06-09,92.279999,93.870003,91.720001,92.180000,87.551315,765800
2016-06-10,91.099998,91.910004,89.330002,89.339996,84.853928,800900
2016-06-13,88.699997,90.440002,88.199997,88.760002,84.303047,910100
2016-06-14,88.370003,90.099998,87.970001,89.860001,85.347809,947300
2016-06-15,89.760002,90.459999,88.260002,89.129997,84.654472,767300
2016-06-16,88.260002,88.260002,86.309998,87.250000,82.868881,1312800
2016-06-17,87.760002,88.260002,86.959999,87.510002,83.115822,1211500
2016-06-20,89.260002,89.599998,88.529999,89.010002,84.540489,821900
2016-06-21,89.160004,91.330002,88.089996,90.919998,86.354584,951200
2016-06-22,91.680000,91.680000,89.720001,90.790001,86.231102,577400
2016-06-23,91.500000,91.970001,90.699997,91.410004,86.819992,671600
2016-06-24,87.519997,89.500000,86.650002,87.279999,82.897369,1692900
2016-06-27,86.400002,87.349998,82.800003,83.769997,79.563606,1550700
2016-06-28,85.010002,88.949997,84.349998,88.610001,84.160583,1394000
2016-06-29,89.650002,91.820000,88.820000,90.790001,86.231102,1013000
2016-06-30,90.639999,91.989998,89.589996,91.209999,86.630028,931000
2016-07-01,91.790001,92.779999,89.379997,90.540001,85.993668,905300
2016-07-05,89.540001,90.010002,87.750000,89.529999,85.034393,990100
2016-07-06,88.839996,91.199997,88.489998,90.500000,85.955681,1620600
2016-07-07,91.500000,91.970001,88.410004,88.589996,84.141586,1087400
2016-07-08,89.580002,90.000000,88.769997,89.160004,84.682976,923700
2016-07-11,89.910004,91.410004,89.199997,89.699997,85.195847,626000
2016-07-12,91.050003,92.820000,91.029999,91.959999,87.342377,750200
2016-07-13,90.269997,92.449997,89.199997,91.040001,86.468559,4602900
2016-07-14,92.019997,92.730003,91.150002,92.230003,87.598808,1327500
2016-07-15,92.190002,92.489998,90.070000,90.930000,86.364098,1010200
2016-07-18,90.669998,90.970001,89.500000,90.570000,86.022148,696300
2016-07-19,90.050003,90.870003,89.209999,89.419998,84.929909,1051600
2016-07-20,90.099998,90.120003,88.779999,89.480003,84.986893,1469200
2016-07-21,89.260002,90.309998,87.910004,88.180000,83.752174,1374700
2016-07-22,88.419998,88.739998,87.440002,88.230003,83.799667,958500
2016-07-25,87.790001,87.790001,84.199997,85.349998,81.064270,1118500
2016-07-26,85.320000,86.169998,84.449997,85.889999,81.577164,951300
2016-07-27,86.199997,86.629997,84.730003,85.360001,81.073776,1121400
2016-07-28,85.169998,86.570000,84.529999,85.930000,81.615158,958800
2016-07-29,85.489998,88.370003,85.160004,87.790001,83.381752,1685000
2016-08-01,87.639999,87.639999,84.650002,85.949997,81.634148,1343100
2016-08-02,86.199997,86.900002,83.900002,85.849998,81.539177,1198000
2016-08-03,87.480003,88.000000,85.220001,87.339996,82.954353,1618700
2016-08-04,87.339996,89.949997,86.870003,88.910004,84.445511,1262300
2016-08-05,89.269997,93.839996,89.160004,92.949997,88.282654,1744700
2016-08-08,93.690002,95.959999,93.400002,93.699997,88.994995,1143500
2016-08-09,93.650002,95.470001,93.089996,94.279999,89.545868,1004500
2016-08-10,94.669998,94.809998,92.680000,93.290001,88.605583,642300
2016-08-11,94.040001,95.480003,93.169998,94.160004,89.431892,944900
2016-08-12,94.379997,94.959999,93.570000,94.580002,89.830811,603300
2016-08-15,95.239998,96.949997,95.019997,96.449997,91.606903,902300
2016-08-16,95.809998,96.489998,93.449997,95.010002,90.239220,1040100
2016-08-17,95.010002,95.559998,93.949997,95.300003,90.514648,759600
2016-08-18,95.930000,98.809998,95.349998,98.550003,93.601463,1237400
2016-08-19,98.279999,98.940002,97.029999,98.589996,93.639442,606100
2016-08-22,97.480003,98.180000,95.860001,96.489998,91.644890,1068400
2016-08-23,96.599998,97.519997,96.230003,96.589996,91.739876,594400
2016-08-24,96.269997,97.300003,95.760002,96.190002,91.359970,570100
2016-08-25,96.260002,96.870003,94.989998,96.260002,91.426445,718900
2016-08-26,96.519997,97.389999,95.669998,96.330002,91.492943,504000
2016-08-29,95.860001,97.889999,95.599998,97.360001,92.471214,456700
2016-08-30,97.360001,97.989998,95.839996,96.500000,91.654396,598900
2016-08-31,96.120003,96.250000,93.750000,95.250000,90.467148,997500
2016-09-01,95.230003,95.370003,93.029999,95.269997,90.486160,710700
2016-09-02,96.169998,96.830002,95.750000,96.379997,91.540428,569800
2016-09-06,96.580002,97.250000,95.220001,97.150002,92.271751,728600
2016-09-07,97.599998,98.949997,96.489998,98.559998,93.610954,997900
2016-09-08,98.940002,99.690002,98.070000,98.339996,93.402000,653700
2016-09-09,97.570000,98.519997,95.959999,96.050003,91.226990,961800
2016-09-12,95.440002,96.940002,94.639999,95.629997,90.828079,754200
2016-09-13,94.209999,95.120003,90.400002,90.900002,86.335587,1627900
2016-09-14,90.489998,91.680000,87.910004,88.559998,84.113091,1347200
2016-09-15,88.989998,90.389999,88.550003,89.879997,85.366806,1148900
2016-09-16,88.989998,89.949997,86.930000,89.690002,85.186356,1319700
2016-09-19,90.529999,91.150002,88.510002,89.290001,84.806435,634800
2016-09-20,89.510002,89.510002,87.529999,88.349998,83.913643,837600
2016-09-21,89.110001,90.080002,88.010002,89.389999,84.901405,1389200
2016-09-22,90.389999,91.260002,89.349998,91.000000,86.430573,1048400
2016-09-23,90.480003,90.940002,87.309998,88.919998,84.455025,1246700
2016-09-26,89.190002,91.349998,88.889999,90.309998,85.775223,1120500
2016-09-27,89.379997,89.779999,87.650002,88.529999,84.084579,879200
2016-09-28,89.059998,93.599998,88.360001,93.379997,88.691055,1244200
2016-09-29,93.250000,96.559998,93.180000,95.529999,90.733086,1540000
2016-09-30,96.000000,98.779999,95.739998,96.540001,91.692383,1292000
2016-10-03,95.150002,96.470001,91.150002,92.529999,87.883751,2361700
2016-10-04,93.120003,93.849998,90.510002,91.589996,86.990929,1777500
2016-10-05,92.599998,94.910004,92.199997,94.699997,89.944778,1675400
2016-10-06,95.510002,95.809998,93.589996,95.040001,90.267700,1075800
2016-10-07,95.029999,95.519997,94.260002,94.699997,89.944778,813200
2016-10-10,99.800003,106.029999,99.050003,105.209999,99.927032,3583500
2016-10-11,105.500000,106.839996,103.699997,104.839996,99.575615,1946800
2016-10-12,104.709999,105.830002,104.000000,104.540001,99.290680,1361400
2016-10-13,104.089996,104.500000,102.269997,103.529999,98.331398,1046600
2016-10-14,103.900002,104.779999,100.750000,100.900002,95.833458,1556200
2016-10-17,100.980003,101.379997,98.800003,100.470001,95.425049,1348100
2016-10-18,101.370003,102.690002,99.470001,99.709999,94.703209,1034000
2016-10-19,100.540001,104.510002,100.540001,103.199997,98.017960,1868700
2016-10-20,102.199997,104.190002,100.570000,102.250000,97.115669,1098400
2016-10-21,101.980003,103.300003,100.839996,102.239998,97.106171,1011200
2016-10-24,102.570000,102.570000,98.599998,99.599998,94.598747,995100
2016-10-25,99.339996,100.300003,96.919998,97.440002,92.547195,821000
2016-10-26,96.459999,96.839996,94.510002,96.050003,91.226990,1276800
2016-10-27,96.519997,97.680000,95.889999,96.779999,91.920334,1402600
2016-10-28,96.300003,98.099998,93.940002,93.989998,89.270424,837600
2016-10-31,93.709999,94.250000,90.510002,91.290001,86.706009,1352000
2016-11-01,92.269997,93.660004,90.550003,91.809998,87.199883,764700
2016-11-02,90.779999,91.900002,88.739998,91.279999,86.696526,904800
2016-11-03,91.809998,92.790001,90.050003,92.559998,87.912231,921600
2016-11-04,91.870003,92.870003,89.750000,91.690002,87.085922,1190100
2016-11-07,93.660004,94.550003,92.250000,93.959999,89.241943,1615900
2016-11-08,92.699997,96.239998,91.059998,93.739998,89.032982,2051400
2016-11-09,93.730003,100.010002,93.169998,98.160004,93.231033,1984600
2016-11-10,97.500000,99.019997,96.199997,97.370003,92.480705,1270100
2016-11-11,96.419998,98.250000,94.400002,95.489998,90.695107,732500
2016-11-14,95.040001,95.180000,92.709999,94.320000,89.583870,1124400
2016-11-15,95.650002,98.290001,95.650002,96.660004,91.806358,1149500
2016-11-16,96.440002,99.000000,96.419998,97.589996,92.689659,973100
2016-11-17,98.550003,101.370003,97.099998,97.919998,93.003090,1827600
2016-11-18,98.190002,99.559998,96.980003,97.099998,92.224274,941600
2016-11-21,98.449997,101.110001,98.449997,100.459999,95.415558,1311900
2016-11-22,102.019997,102.019997,97.800003,99.199997,94.218819,1022400
2016-11-23,98.430000,101.180000,98.000000,100.769997,95.709976,923800
2016-11-25,101.570000,101.570000,97.910004,99.440002,94.446770,456200
2016-11-28,100.260002,100.260002,96.470001,96.750000,91.891838,1228400
2016-11-29,94.910004,97.830002,92.720001,95.400002,90.609627,1566500
2016-11-30,100.000000,108.510002,100.000000,107.849998,102.434464,7379400
2016-12-01,111.180000,113.230003,109.000000,110.000000,104.476509,2788500
2016-12-02,111.089996,111.540001,107.879997,108.139999,102.709900,1861600
2016-12-05,109.089996,111.419998,106.570000,106.930000,101.560661,1412900
2016-12-06,106.019997,107.680000,104.400002,106.290001,100.952812,1164800
2016-12-07,105.849998,106.720001,104.169998,105.389999,100.097992,971400
2016-12-08,106.139999,108.059998,105.389999,107.260002,101.874107,778900
2016-12-09,108.220001,108.370003,104.430000,106.040001,100.715363,933400
2016-12-12,110.230003,113.160004,104.209999,104.989998,99.718079,1830900
2016-12-13,105.669998,107.169998,103.629997,105.279999,99.993515,1486600
2016-12-14,103.169998,105.239998,101.330002,101.510002,96.412834,1592000
2016-12-15,97.250000,101.330002,96.500000,101.180000,96.099403,9153500
2016-12-16,100.849998,102.110001,99.500000,101.949997,96.830727,1994300
2016-12-19,102.180000,105.629997,102.080002,105.250000,99.965034,2146700
2016-12-20,106.400002,106.489998,102.489998,102.660004,97.505074,1311100
2016-12-21,103.000000,104.209999,100.459999,101.449997,96.355835,1422900
2016-12-22,101.940002,104.000000,100.870003,102.730003,97.571571,872400
2016-12-23,102.919998,103.900002,102.070000,102.930000,97.761505,1168000
2016-12-27,103.870003,104.489998,103.050003,103.849998,98.635323,628100
2016-12-28,104.470001,104.599998,102.680000,102.940002,97.771034,948000
2016-12-29,103.239998,103.570000,101.620003,102.050003,96.925713,839100
2016-12-30,101.910004,102.419998,100.620003,101.059998,95.985428,783000
2017-01-03,102.500000,104.989998,102.050003,103.250000,98.065460,1287500
2017-01-04,103.250000,104.839996,102.470001,103.570000,98.369392,1250200
2017-01-05,103.930000,105.559998,102.809998,103.669998,98.464371,1053100
2017-01-06,103.639999,104.790001,102.050003,103.660004,98.454865,1012000
2017-01-09,102.910004,103.000000,101.290001,101.430000,96.336861,658600
2017-01-10,101.940002,103.120003,101.599998,102.709999,97.552567,984300
2017-01-11,102.529999,104.489998,101.900002,103.910004,98.692314,1204100
2017-01-12,104.540001,105.279999,102.690002,103.570000,98.369392,1218000
2017-01-13,103.129997,103.129997,101.120003,101.360001,96.270363,1844800
2017-01-17,102.339996,102.919998,99.779999,100.440002,95.396553,1382200
2017-01-18,99.510002,101.480003,99.129997,100.519997,95.472542,811400
2017-01-19,101.000000,103.529999,101.000000,102.260002,97.125168,1098100
2017-01-20,103.389999,105.209999,102.599998,103.110001,97.932487,901200
2017-01-23,102.500000,103.209999,101.250000,102.190002,97.058693,706400
2017-01-24,102.720001,104.239998,102.279999,103.739998,98.530846,813000
2017-01-25,103.570000,107.080002,103.570000,105.120003,99.841560,1290700
2017-01-26,105.919998,108.500000,105.919998,106.699997,101.342224,1475900
2017-01-27,106.660004,107.800003,106.029999,106.680000,101.323227,660500
2017-01-30,106.349998,106.610001,101.699997,102.500000,97.353127,1513200
2017-01-31,102.910004,105.500000,102.580002,105.169998,99.889038,2493100
2017-02-01,106.070000,106.889999,103.250000,105.760002,100.449417,1550700
2017-02-02,105.559998,105.889999,102.669998,104.629997,99.376160,1206800
2017-02-03,104.650002,105.589996,103.930000,104.419998,99.176689,1032700
2017-02-06,104.699997,105.620003,102.620003,105.440002,100.145493,1294800
2017-02-07,104.379997,105.709999,100.070000,100.120003,95.092628,2002700
2017-02-08,99.169998,100.769997,96.050003,100.559998,95.510529,2248600
2017-02-09,101.000000,104.070000,100.930000,103.930000,98.711304,1200800
2017-02-10,105.330002,106.769997,104.160004,104.790001,99.528137,1246200
2017-02-13,104.750000,104.940002,102.500000,104.300003,99.062737,1388500
2017-02-14,104.410004,107.989998,102.800003,107.680000,102.273003,1964800
2017-02-15,111.839996,114.000000,110.669998,111.839996,106.224129,3582900
2017-02-16,111.750000,112.760002,108.709999,109.010002,103.536224,1506900
2017-02-17,108.180000,108.639999,106.339996,107.629997,102.225517,1432200
2017-02-21,109.570000,110.589996,106.480003,106.839996,101.475166,1567100
2017-02-22,106.040001,106.639999,101.650002,102.029999,96.906700,2243200
2017-02-23,104.089996,104.239998,99.150002,100.959999,95.890442,2407700
2017-02-24,99.639999,101.930000,98.800003,100.410004,95.368050,1963100
2017-02-27,100.570000,102.080002,100.059998,101.650002,96.545792,1056000
2017-02-28,100.519997,101.599998,99.870003,100.860001,95.795471,913200
2017-03-01,102.580002,105.959999,101.419998,105.709999,100.401939,2284400
2017-03-02,104.440002,106.199997,103.669998,103.820000,98.606834,1113300
2017-03-03,104.059998,105.250000,103.260002,103.580002,98.378883,770200
2017-03-06,103.320000,104.790001,103.019997,103.959999,98.739815,1018800
2017-03-07,104.730003,106.919998,104.300003,104.580002,99.328674,1973800
2017-03-08,104.099998,104.849998,99.540001,99.760002,94.750687,1979400
2017-03-09,98.989998,101.750000,98.080002,101.480003,96.384346,1507800
2017-03-10,102.339996,102.930000,100.830002,101.459999,96.365326,1975300
2017-03-13,101.089996,102.370003,100.699997,101.260002,96.175377,1190300
2017-03-14,99.800003,100.769997,96.980003,98.349998,93.411484,2139000
2017-03-15,99.489998,103.209999,99.040001,102.919998,97.752014,2054800
2017-03-16,103.860001,104.070000,102.290001,103.440002,98.245903,1832100
2017-03-17,104.110001,105.300003,103.699997,104.690002,99.433144,2046700
2017-03-20,103.400002,103.980003,101.730003,103.709999,98.502350,1588200
2017-03-21,103.419998,104.349998,101.400002,102.120003,96.992203,1354600
2017-03-22,102.029999,102.639999,100.120003,101.169998,96.089905,1204500
2017-03-23,101.099998,101.449997,99.129997,99.599998,94.598747,1856400
2017-03-24,99.889999,100.940002,99.279999,99.730003,94.722221,1228700
2017-03-27,97.919998,99.660004,97.440002,98.940002,93.971878,1341100
2017-03-28,99.160004,101.500000,98.790001,101.230003,96.146896,2503800
2017-03-29,100.980003,103.629997,100.199997,103.160004,97.979980,1848300
2017-03-30,103.849998,104.540001,102.510002,102.669998,97.514572,1472900
2017-03-31,102.019997,104.129997,101.500000,103.720001,98.511848,1217400
2017-04-03,103.500000,104.500000,102.180000,104.080002,98.853783,956800
2017-04-04,103.589996,106.919998,103.160004,106.769997,101.408707,2099800
2017-04-05,107.690002,108.169998,102.809998,102.940002,97.771034,1833900
2017-04-06,103.820000,105.129997,103.449997,104.669998,99.414139,1138500
2017-04-07,104.930000,105.570000,103.389999,104.379997,99.138718,942900
2017-04-10,104.470001,105.720001,103.290001,104.620003,99.366676,805300
2017-04-11,104.910004,106.080002,103.410004,105.959999,100.639374,1522400
2017-04-12,106.110001,107.949997,105.430000,106.320000,100.981308,1905600
2017-04-13,106.639999,107.709999,104.459999,105.040001,99.765564,1502100
2017-04-17,104.870003,105.709999,104.010002,105.139999,99.860550,917300
2017-04-18,104.180000,105.870003,102.709999,103.160004,97.979980,970900
2017-04-19,103.180000,103.349998,99.849998,100.550003,95.501038,1461900
2017-04-20,101.500000,101.930000,100.220001,100.269997,95.235092,1274600
2017-04-21,100.269997,102.019997,99.599998,101.269997,96.184868,1973400
2017-04-24,101.930000,103.070000,100.279999,101.760002,96.650269,1691600
2017-04-25,102.320000,104.050003,101.379997,103.970001,98.749313,1248000
2017-04-26,103.309998,105.610001,102.970001,103.209999,98.027458,917800
2017-04-27,102.360001,102.360001,98.930000,100.449997,95.406052,1913800
2017-04-28,101.300003,101.430000,99.209999,99.839996,94.826683,1019100
2017-05-01,99.870003,100.339996,98.769997,98.959999,93.990852,1241000
2017-05-02,99.470001,100.349998,97.480003,98.379997,93.439987,1629300
2017-05-03,99.000000,102.879997,98.519997,100.279999,95.244583,2751300
2017-05-04,99.300003,99.599998,93.639999,95.209999,90.429176,3233300
2017-05-05,95.389999,99.730003,95.309998,99.650002,94.646217,1885200
2017-05-08,99.389999,101.050003,98.500000,100.620003,95.567513,1512700
2017-05-09,100.309998,100.870003,99.260002,99.620003,94.617729,1043600
2017-05-10,100.510002,103.000000,100.360001,102.379997,97.239143,1471700
2017-05-11,102.830002,103.500000,101.110001,101.379997,96.289352,1233300
2017-05-12,101.000000,102.269997,100.910004,101.900002,96.783234,1236800
2017-05-15,104.129997,105.000000,103.120003,103.279999,98.093941,990900
2017-05-16,103.589996,104.680000,102.879997,103.959999,98.739815,1227400
2017-05-17,102.800003,104.480003,101.739998,101.790001,96.678787,1137500
2017-05-18,100.910004,102.849998,100.900002,101.620003,96.517311,1039100
2017-05-19,102.250000,103.889999,101.610001,103.120003,97.941994,1327900
2017-05-22,103.589996,104.489998,101.660004,102.250000,97.115669,1083300
2017-05-23,102.430000,102.550003,100.570000,100.650002,95.596016,1152800
2017-05-24,100.650002,100.970001,98.720001,99.370003,94.380280,1350500
2017-05-25,99.260002,101.980003,98.330002,99.629997,94.627228,1538200
2017-05-26,99.570000,99.930000,97.809998,98.410004,93.468491,1363400
2017-05-30,97.720001,97.949997,94.099998,94.279999,89.545868,2086500
2017-05-31,92.820000,93.910004,91.199997,92.760002,88.102180,2544700
2017-06-01,93.680000,94.830002,92.500000,93.970001,89.251427,1206700
2017-06-02,93.660004,94.040001,91.480003,91.839996,87.228378,1481700
2017-06-05,91.279999,91.760002,89.910004,90.650002,86.098145,1224200
2017-06-06,90.250000,93.110001,89.949997,92.760002,88.102180,1422400
2017-06-07,92.110001,92.750000,88.190002,88.599998,84.151085,1430200
2017-06-08,87.940002,89.180000,87.040001,87.820000,83.410248,2166900
2017-06-09,88.070000,90.370003,87.589996,90.150002,85.623245,1430900
2017-06-12,90.570000,91.699997,89.879997,90.660004,86.107651,2319100
2017-06-13,90.480003,92.459999,90.330002,92.440002,87.798271,1294200
2017-06-14,91.790001,92.199997,89.110001,89.400002,84.910919,1594100
2017-06-15,88.779999,89.320000,84.650002,85.870003,81.558159,2805300
2017-06-16,86.449997,86.879997,83.910004,84.870003,80.608383,2396000
2017-06-19,85.349998,86.290001,84.470001,85.889999,81.577164,1056100
2017-06-20,84.290001,87.680000,83.220001,87.040001,82.669426,2091200
2017-06-21,86.690002,88.949997,85.639999,86.750000,82.393990,2075300
2017-06-22,86.889999,88.180000,85.900002,85.980003,81.662643,1206500
2017-06-23,86.029999,88.610001,85.809998,88.400002,83.961121,2375000
2017-06-26,88.739998,88.750000,86.669998,87.300003,82.916351,1218200
2017-06-27,87.580002,88.669998,86.559998,87.989998,83.571716,1269000
2017-06-28,88.260002,89.519997,86.540001,86.599998,82.251511,1245200
2017-06-29,87.209999,88.489998,86.709999,87.290001,82.906853,1526000
2017-06-30,87.430000,89.239998,86.820000,88.809998,84.350525,1612700
2017-07-03,89.550003,90.660004,88.839996,90.349998,85.813210,723300
2017-07-05,89.550003,89.660004,87.440002,88.489998,84.046600,1376000
2017-07-06,89.199997,89.860001,85.790001,85.959999,81.643646,1536100
2017-07-07,85.389999,86.309998,82.769997,86.089996,81.767105,1441700
2017-07-10,85.680000,88.169998,85.239998,88.029999,83.609695,1236400
2017-07-11,88.099998,88.839996,86.570000,88.620003,84.170090,862500
2017-07-12,89.589996,90.699997,87.800003,88.110001,83.685692,982900
2017-07-13,88.120003,89.610001,87.680000,89.419998,84.929909,811700
2017-07-14,89.480003,90.650002,89.459999,90.480003,85.936684,890500
2017-07-17,90.250000,91.110001,89.980003,90.470001,85.927185,1115400
2017-07-18,91.970001,91.970001,89.430000,90.410004,85.870193,1241100
2017-07-19,90.900002,93.980003,90.440002,93.930000,89.213448,1279300
2017-07-20,94.400002,95.559998,92.080002,92.379997,87.741272,1373800
2017-07-21,92.480003,92.790001,91.290001,91.989998,87.370857,1219800
2017-07-24,92.440002,94.059998,92.059998,93.209999,88.529594,854200
2017-07-25,94.250000,96.419998,94.139999,95.720001,90.913559,1178900
2017-07-26,96.620003,97.830002,95.339996,96.480003,91.635399,1023200
2017-07-27,96.419998,97.129997,95.580002,96.570000,91.720894,1019800
2017-07-28,96.330002,97.330002,95.870003,96.650002,91.796875,909900
2017-07-31,96.510002,96.709999,94.610001,95.879997,91.065521,1114900
2017-08-01,96.190002,96.650002,94.540001,95.349998,90.562141,965600
2017-08-02,97.989998,97.989998,91.860001,95.839996,91.027542,3738500
2017-08-03,96.320000,96.790001,89.440002,89.690002,85.186356,2890400
2017-08-04,90.480003,95.750000,89.860001,95.209999,90.429176,2052600
2017-08-07,94.980003,96.129997,92.769997,96.040001,91.217499,1436400
2017-08-08,95.620003,96.669998,94.410004,94.980003,90.210716,1905100
2017-08-09,94.809998,96.419998,94.129997,94.580002,89.830811,1226500
2017-08-10,93.500000,94.669998,91.970001,92.059998,87.437347,3388700
2017-08-11,92.019997,93.900002,91.940002,92.870003,88.206673,1182600
2017-08-14,92.860001,93.440002,89.760002,90.750000,86.193123,1612500
2017-08-15,90.580002,90.650002,87.639999,88.019997,83.600197,2985700
2017-08-16,87.900002,89.629997,87.589996,88.059998,83.638199,1504300
2017-08-17,87.500000,88.769997,85.809998,86.099998,81.776627,1396900
2017-08-18,86.459999,88.360001,85.730003,87.260002,82.878380,1345700
2017-08-21,87.000000,87.690002,86.430000,87.080002,82.707413,761000
2017-08-22,87.790001,88.160004,87.129997,87.430000,83.039841,634100
2017-08-23,87.230003,89.790001,86.860001,88.860001,84.398033,773400
2017-08-24,88.739998,89.349998,87.699997,89.120003,84.644966,728000
2017-08-25,89.379997,89.550003,88.480003,88.739998,84.284050,413600
2017-08-28,88.639999,88.639999,86.519997,88.029999,83.609695,614000
2017-08-29,87.870003,88.669998,86.620003,88.169998,83.742668,758300
2017-08-30,88.089996,89.300003,87.010002,88.470001,84.027611,595000
2017-08-31,89.089996,91.120003,88.470001,90.790001,86.231102,1300400
2017-09-01,91.070000,92.070000,90.260002,91.919998,87.304375,1434900
2017-09-05,92.680000,93.919998,91.180000,91.739998,87.133400,808900
2017-09-06,92.650002,93.519997,92.040001,92.660004,88.007217,1025300
2017-09-07,92.250000,92.250000,90.010002,91.620003,87.019432,779200
2017-09-08,91.050003,91.050003,87.839996,88.900002,84.436028,1123500
2017-09-11,88.919998,89.830002,88.339996,89.449997,84.958397,993100
2017-09-12,89.379997,91.650002,89.379997,90.410004,85.870193,1058400
2017-09-13,90.879997,94.000000,90.879997,93.489998,88.795525,1131400
2017-09-14,93.709999,95.750000,93.430000,93.809998,89.099464,1431300
2017-09-15,93.809998,94.639999,93.160004,93.970001,89.251427,1054200
2017-09-18,93.239998,95.669998,93.239998,95.150002,90.372185,1282900
2017-09-19,95.250000,95.889999,94.040001,94.279999,89.545868,1150700
2017-09-20,94.739998,97.629997,94.349998,97.320000,92.433220,1396800
2017-09-21,96.910004,97.800003,96.139999,97.360001,92.471214,1014100
2017-09-22,96.500000,96.889999,95.260002,95.739998,90.932549,1343800
2017-09-25,96.400002,97.449997,96.160004,96.779999,91.920334,1406900
2017-09-26,96.419998,97.790001,96.050003,97.150002,92.271751,896200
2017-09-27,96.779999,97.519997,96.080002,96.879997,92.015305,1230700
2017-09-28,96.860001,98.360001,96.589996,97.139999,92.262253,1559400
2017-09-29,96.769997,98.330002,96.459999,97.959999,93.041084,1443400
2017-10-02,96.980003,100.349998,95.690002,100.000000,94.978645,1429900
2017-10-03,100.150002,102.500000,99.910004,100.080002,95.054634,1807300
2017-10-04,100.760002,101.480003,99.459999,100.750000,95.691002,1367700
2017-10-05,100.760002,101.050003,99.650002,99.750000,94.741196,1060000
2017-10-06,99.269997,99.290001,97.809998,99.089996,94.114342,701400
2017-10-09,99.680000,99.989998,98.870003,99.940002,94.921654,486500
2017-10-10,101.000000,101.639999,100.519997,100.760002,95.700493,529600
2017-10-11,101.260002,101.709999,100.139999,101.519997,96.422318,922000
2017-10-12,100.930000,101.739998,99.610001,101.120003,96.042412,934800
2017-10-13,101.989998,102.489998,100.940002,101.370003,96.279869,834600
2017-10-16,102.400002,103.430000,101.989998,102.599998,97.448090,1040500
2017-10-17,102.540001,103.019997,101.480003,102.610001,97.457588,755300
2017-10-18,102.269997,103.599998,101.959999,102.190002,97.058693,784500
2017-10-19,101.790001,102.209999,100.830002,101.589996,96.488815,816000
2017-10-20,101.599998,102.709999,101.160004,102.529999,97.381599,577100
2017-10-23,102.570000,102.750000,100.180000,100.349998,95.311073,646100
2017-10-24,100.410004,101.330002,98.570000,99.669998,94.665222,1083500
2017-10-25,100.000000,100.949997,99.040001,100.889999,95.823952,707100
2017-10-26,101.000000,101.970001,99.639999,100.879997,95.814461,764100
2017-10-27,100.620003,105.029999,100.500000,104.570000,99.319176,1115400
2017-10-30,105.150002,106.779999,104.750000,106.199997,100.867332,966500
2017-10-31,106.029999,107.559998,105.559998,107.160004,101.779106,1041000
2017-11-01,108.230003,111.709999,108.139999,109.779999,104.267555,1350900
2017-11-02,109.370003,109.940002,108.349998,108.970001,103.498238,617400
2017-11-03,109.309998,111.720001,108.699997,111.150002,105.568764,786900
2017-11-06,111.559998,113.750000,110.559998,113.690002,107.981239,1623100
2017-11-07,114.820000,114.930000,111.150002,111.800003,106.186127,2018200
2017-11-08,111.260002,111.279999,107.900002,110.040001,104.514503,2246300
2017-11-09,108.860001,111.169998,108.739998,111.029999,105.454796,1418100
2017-11-10,110.489998,112.570000,110.489998,111.860001,106.243126,1001800
2017-11-13,111.349998,112.410004,110.169998,110.970001,105.397804,1041400
2017-11-14,110.110001,110.889999,108.110001,108.269997,102.833382,1149600
2017-11-15,107.019997,107.510002,105.790001,106.620003,101.266243,1501200
2017-11-16,106.989998,107.940002,106.050003,106.529999,101.180763,878700
2017-11-17,106.389999,107.739998,106.019997,107.540001,102.140038,1148500
2017-11-20,107.580002,108.830002,106.260002,107.970001,102.548439,881400
2017-11-21,108.830002,109.529999,108.000000,109.150002,103.669189,1076600
2017-11-22,110.010002,110.440002,109.029999,109.250000,103.764183,846700
2017-11-24,109.870003,110.910004,109.620003,110.300003,104.761459,262100
2017-11-27,110.239998,110.330002,106.919998,107.260002,101.874107,974500
2017-11-28,107.430000,108.470001,106.910004,108.230003,102.795403,567900
2017-11-29,108.489998,109.400002,107.019997,108.150002,102.719414,528100
2017-11-30,108.750000,111.309998,108.150002,109.309998,103.821159,905700
2017-12-01,110.160004,113.120003,109.500000,110.910004,105.340813,995300
2017-12-04,111.260002,112.099998,108.849998,109.019997,103.545723,643000
2017-12-05,108.379997,110.250000,108.089996,109.059998,103.583725,670500
2017-12-06,108.470001,108.930000,105.970001,106.330002,100.990799,1027600
2017-12-07,106.500000,109.040001,106.110001,108.949997,103.479240,727500
2017-12-08,110.000000,110.940002,109.680000,110.769997,105.207840,715900
2017-12-11,110.889999,112.570000,110.500000,111.300003,105.711235,905700
2017-12-12,111.550003,112.250000,110.599998,111.529999,105.929680,604800
2017-12-13,111.949997,112.540001,111.010002,111.589996,105.986671,782100
2017-12-14,111.190002,112.599998,110.660004,111.029999,105.454796,827200
2017-12-15,111.320000,111.889999,109.339996,109.519997,104.020622,1045300
2017-12-18,110.010002,111.000000,108.919998,109.650002,104.144096,858300
2017-12-19,109.790001,112.000000,109.470001,111.809998,106.195625,983100
2017-12-20,112.760002,117.779999,111.959999,117.239998,111.352974,2130700
2017-12-21,118.010002,123.550003,117.250000,123.099998,116.918732,2644100
2017-12-22,123.480003,125.500000,123.129997,124.370003,118.124947,1517500
2017-12-26,125.029999,127.449997,124.419998,125.970001,119.644600,1490500
2017-12-27,126.150002,126.339996,123.139999,123.190002,117.004189,1348300
2017-12-28,124.379997,126.019997,123.349998,125.519997,119.217194,1090300
2017-12-29,126.320000,127.320000,124.230003,126.250000,119.910545,842500
2018-01-02,125.000000,128.279999,124.769997,127.879997,121.458702,1548100
2018-01-03,127.699997,129.740005,127.480003,129.169998,122.683922,1609900
2018-01-04,129.119995,130.399994,127.470001,130.130005,123.595726,978500
2018-01-05,129.710007,130.889999,128.520004,129.979996,123.453239,873300
2018-01-08,130.100006,131.199997,129.389999,130.990005,124.412521,1428100
2018-01-09,131.350006,132.070007,127.320000,127.489998,121.088264,1290800
2018-01-10,127.779999,128.679993,126.440002,127.290001,120.898323,1487700
2018-01-11,127.309998,131.860001,126.550003,129.899994,123.377243,1493300
2018-01-12,130.279999,131.380005,129.649994,130.139999,123.605232,1030900
2018-01-16,130.479996,130.869995,127.860001,128.020004,121.591675,1002100
2018-01-17,128.100006,128.800003,126.680000,127.440002,121.040787,1425400
2018-01-18,127.550003,128.339996,126.180000,127.230003,120.841347,1040000
2018-01-19,126.529999,128.020004,125.970001,127.570000,121.164261,585100
2018-01-22,128.169998,132.309998,128.000000,132.210007,125.571281,918100
2018-01-23,132.570007,133.899994,130.669998,132.309998,125.666252,1152400
2018-01-24,132.940002,134.520004,130.229996,130.360001,123.814171,1542400
2018-01-25,131.350006,131.509995,126.769997,126.849998,120.480408,1311100
2018-01-26,127.790001,130.199997,126.849998,130.089996,123.557739,664400
2018-01-29,130.300003,131.429993,128.639999,129.050003,122.569954,962000
2018-01-30,127.980003,127.980003,124.599998,126.269997,119.929543,1514800
2018-01-31,126.339996,127.239998,125.160004,125.500000,119.198212,1247700
2018-02-01,125.570000,127.690002,125.160004,126.639999,120.280960,969000
2018-02-02,125.720001,126.000000,122.220001,122.459999,116.310852,1554800
2018-02-05,120.489998,124.949997,118.830002,120.269997,114.230812,1807200
2018-02-06,118.720001,124.440002,118.169998,121.900002,115.778969,1695700
2018-02-07,121.910004,123.019997,118.470001,118.500000,112.549713,1224800
2018-02-08,118.550003,119.459999,111.220001,111.330002,105.739738,2817700
2018-02-09,112.180000,113.750000,105.660004,110.510002,104.960915,1811700
2018-02-12,112.000000,116.440002,112.000000,116.010002,110.184731,1709900
2018-02-13,115.230003,116.430000,114.680000,115.029999,109.253937,1649400
2018-02-14,116.000000,122.949997,114.769997,122.830002,116.662277,2901600
2018-02-15,123.989998,125.260002,121.589996,125.150002,118.865776,2419800
2018-02-16,124.120003,126.750000,123.449997,123.879997,117.659554,1697000
2018-02-20,123.169998,125.349998,122.430000,122.809998,116.643272,1276800
2018-02-21,122.330002,124.680000,120.839996,120.980003,114.905190,1260600
2018-02-22,121.160004,125.089996,120.660004,123.309998,117.118156,1142600
2018-02-23,124.570000,128.089996,124.050003,127.930000,121.506180,876000
2018-02-26,128.809998,129.149994,127.080002,127.720001,121.306717,669000
2018-02-27,127.000000,129.050003,126.160004,126.169998,119.834557,823100
2018-02-28,127.059998,128.220001,124.610001,124.639999,118.381386,1021200
2018-03-01,125.029999,128.630005,124.279999,126.410004,120.062515,1080000
2018-03-02,125.059998,129.410004,124.000000,129.080002,122.598442,960900
2018-03-05,128.289993,131.580002,128.240005,130.250000,123.709694,968200
2018-03-06,130.639999,131.020004,126.879997,127.089996,120.708366,1062000
2018-03-07,126.660004,128.889999,123.239998,126.269997,119.929543,1225700
2018-03-08,126.959999,126.959999,123.870003,125.199997,118.913254,772900
2018-03-09,126.279999,129.309998,125.720001,128.940002,122.465462,961500
2018-03-12,129.270004,130.009995,127.330002,127.410004,121.012291,886300
2018-03-13,128.179993,129.460007,126.430000,127.150002,120.765350,858700
2018-03-14,127.750000,128.369995,125.519997,125.809998,119.492630,1038400
2018-03-15,126.080002,127.720001,124.269997,124.599998,118.343399,1146300
2018-03-16,124.669998,126.820000,124.000000,125.510002,119.207726,1997700
2018-03-19,124.000000,125.489998,121.980003,122.629997,116.472313,1603000
2018-03-20,123.489998,126.629997,123.000000,125.540001,119.236191,1343300
2018-03-21,125.980003,131.470001,125.959999,130.179993,123.643188,1280900
2018-03-22,128.630005,130.250000,127.480003,127.779999,121.363708,1439100
2018-03-23,128.380005,132.009995,127.540001,127.959999,121.534683,1468600
2018-03-26,129.669998,133.690002,128.309998,133.229996,126.540047,1771700
2018-03-27,134.240005,134.600006,128.470001,129.179993,122.693413,1285700
2018-03-28,129.100006,130.600006,124.309998,124.669998,118.409889,2530900
2018-03-29,124.709999,127.309998,124.389999,126.519997,120.166985,2045500
2018-04-02,125.860001,125.900002,118.779999,122.260002,116.120903,2427000
2018-04-03,123.400002,124.050003,120.400002,123.440002,117.241646,1464400
2018-04-04,120.739998,122.610001,120.449997,122.580002,116.424828,1590400
2018-04-05,122.860001,126.160004,122.860001,124.410004,118.162941,1361300
2018-04-06,122.779999,123.220001,114.949997,116.620003,110.764114,3287100
2018-04-09,117.510002,118.000000,113.059998,113.290001,107.601311,3323800
2018-04-10,115.650002,117.910004,114.300003,117.379997,111.485939,2040800
2018-04-11,118.750000,119.550003,116.180000,116.540001,110.688126,2406200
2018-04-12,116.400002,118.019997,114.870003,116.339996,110.498161,1853100
2018-04-13,116.900002,119.820000,116.519997,118.699997,112.739655,1340600
2018-04-16,118.800003,119.449997,117.279999,119.040001,113.062584,1462300
2018-04-17,119.900002,123.779999,119.199997,122.300003,116.158882,1832300
2018-04-18,123.449997,128.639999,123.139999,127.099998,120.717865,2592700
2018-04-19,127.550003,130.699997,127.129997,128.880005,122.408470,2326100
2018-04-20,127.790001,130.429993,126.360001,128.399994,121.952568,1787200
2018-04-23,127.540001,129.419998,125.790001,128.240005,121.800621,1186100
2018-04-24,128.289993,128.729996,124.459999,125.730003,119.416656,1996400
2018-04-25,125.970001,127.589996,125.010002,125.750000,119.435654,1261400
2018-04-26,125.800003,127.419998,125.330002,126.870003,120.499420,1200600
2018-04-27,126.339996,127.680000,125.300003,125.849998,119.530624,960400
2018-04-30,125.589996,130.199997,125.379997,128.449997,122.000053,1388600
2018-05-01,127.440002,129.820007,126.570000,128.100006,121.667648,1017800
2018-05-02,128.020004,130.619995,127.860001,128.919998,122.446480,1569000
2018-05-03,128.770004,129.940002,125.949997,126.510002,120.157486,2000100
2018-05-04,126.589996,127.940002,125.410004,127.300003,120.907822,1632000
2018-05-07,128.970001,134.279999,128.490005,130.240005,123.700195,1559300
2018-05-08,130.369995,134.889999,127.830002,134.720001,127.955246,2030500
2018-05-09,133.500000,137.410004,130.220001,136.520004,129.664841,4251000
2018-05-10,136.990005,137.440002,129.539993,129.789993,123.272797,2883600
2018-05-11,130.289993,130.970001,123.169998,123.820000,117.602562,3155100
2018-05-14,123.910004,124.919998,123.610001,124.239998,118.001472,1845300
2018-05-15,123.870003,129.169998,123.430000,128.529999,122.076057,2403400
2018-05-16,128.940002,132.270004,127.930000,132.130005,125.495285,1691500
2018-05-17,132.869995,137.830002,132.639999,136.259995,129.417908,1973000
2018-05-18,135.990005,136.380005,134.020004,134.580002,127.939606,1210600
2018-05-21,135.899994,137.179993,134.919998,136.759995,130.012070,978100
2018-05-22,136.610001,138.139999,131.740005,132.229996,125.705589,1005500
2018-05-23,130.759995,131.910004,128.039993,129.639999,123.243385,2503800
2018-05-24,127.949997,128.509995,123.940002,124.989998,118.822815,2407000
2018-05-25,122.230003,122.379997,118.059998,120.349998,114.411766,2607900
2018-05-29,119.599998,121.889999,119.180000,121.000000,115.029694,1714000
2018-05-30,121.779999,123.580002,120.599998,122.800003,116.740875,1603300
2018-05-31,122.120003,123.129997,120.150002,120.760002,114.801529,1835100
2018-06-01,120.300003,120.589996,114.529999,115.500000,109.801071,2960400
2018-06-04,115.889999,116.449997,108.930000,111.699997,106.188576,3928000
2018-06-05,111.250000,113.180000,107.779999,111.550003,106.045967,2346400
2018-06-06,111.820000,112.760002,109.820000,112.220001,106.682915,1993200
2018-06-07,113.440002,114.940002,113.120003,114.120003,108.489159,1655700
2018-06-08,113.519997,114.580002,112.440002,113.959999,108.337059,1074100
2018-06-11,114.099998,115.430000,113.089996,113.830002,108.213470,1290200
2018-06-12,114.199997,119.320000,114.000000,118.879997,113.014290,1804800
2018-06-13,118.639999,119.129997,117.790001,118.349998,112.510445,1616000
2018-06-14,119.250000,119.779999,115.650002,115.949997,110.228859,1540800
2018-06-15,115.449997,117.120003,114.300003,115.580002,109.877113,2474900
2018-06-18,114.769997,123.610001,114.510002,122.580002,116.531723,3950400
2018-06-19,120.360001,128.949997,120.360001,127.580002,121.285042,3422700
2018-06-20,128.550003,130.649994,127.400002,129.559998,123.167336,1799700
2018-06-21,128.910004,128.910004,122.089996,123.730003,117.624992,2061300
2018-06-22,127.410004,129.520004,125.370003,125.559998,119.364700,2211900
2018-06-25,125.610001,126.300003,120.459999,121.599998,115.600075,1347400
2018-06-26,121.730003,126.959999,121.650002,126.540001,120.296333,1347000
2018-06-27,129.039993,132.830002,128.639999,130.130005,123.709206,2309000
2018-06-28,130.500000,131.899994,127.849998,130.839996,124.384171,1417400
2018-06-29,130.559998,132.850006,129.660004,131.570007,125.078178,1425700
2018-07-02,130.869995,130.869995,128.100006,129.300003,122.920166,952300
2018-07-03,130.899994,133.179993,129.199997,130.050003,123.633148,701700
2018-07-05,131.779999,133.399994,130.770004,132.000000,125.486938,836300
2018-07-06,131.979996,136.070007,129.949997,134.970001,128.310379,839100
2018-07-09,134.960007,136.899994,134.710007,136.669998,129.926498,1089900
2018-07-10,137.839996,138.250000,132.860001,133.960007,127.350212,2119500
2018-07-11,133.160004,134.830002,129.059998,130.759995,124.308121,1455900
2018-07-12,132.240005,132.240005,128.649994,130.279999,123.851807,837300
2018-07-13,130.029999,132.789993,130.000000,131.339996,124.859497,897000
2018-07-16,128.850006,130.800003,128.410004,129.990005,123.576118,851800
2018-07-17,128.899994,131.649994,128.110001,130.649994,124.203552,507800
2018-07-18,130.369995,131.009995,128.169998,130.589996,124.146507,1009800
2018-07-19,130.429993,132.429993,130.009995,132.089996,125.572495,653600
2018-07-20,133.020004,133.020004,130.000000,131.149994,124.678864,885800
2018-07-23,131.149994,131.589996,129.820007,131.169998,124.697899,702000
2018-07-24,132.259995,134.960007,131.770004,133.449997,126.865356,855600
2018-07-25,133.210007,135.990005,132.059998,134.679993,128.034683,608600
2018-07-26,134.389999,135.899994,134.050003,134.550003,127.911118,556200
2018-07-27,134.289993,136.570007,131.570007,132.339996,125.810158,729600
2018-07-30,133.990005,136.000000,132.500000,133.710007,127.112572,1388800
2018-07-31,133.229996,135.000000,130.080002,131.949997,125.439415,625000
2018-08-01,131.470001,133.050003,128.770004,132.880005,126.323524,724500
2018-08-02,131.970001,135.660004,130.690002,134.490005,127.854111,544100
2018-08-03,134.479996,134.820007,129.940002,130.800003,124.346138,1028900
2018-08-06,131.889999,135.740005,131.220001,133.619995,127.026993,1028500
2018-08-07,134.500000,136.250000,134.160004,134.740005,128.091751,659700
2018-08-08,133.690002,134.610001,131.500000,133.789993,127.188606,1548400
2018-08-09,133.000000,135.009995,129.490005,131.149994,124.678864,1897200
2018-08-10,132.059998,136.000000,131.050003,134.800003,128.148773,1340700
2018-08-13,133.759995,135.169998,131.580002,131.869995,125.363342,911900
2018-08-14,133.210007,134.899994,132.570007,133.750000,127.150589,1239100
2018-08-15,123.040001,124.199997,115.279999,117.699997,111.892517,11541400
2018-08-16,120.000000,120.680000,118.110001,120.459999,114.516335,3945000
2018-08-17,120.449997,122.000000,118.639999,120.180000,114.368843,2165100
2018-08-20,121.470001,121.820000,119.169998,120.989998,115.139664,1904300
2018-08-21,121.949997,124.269997,121.500000,122.589996,116.662285,2826800
2018-08-22,124.309998,125.349998,123.790001,124.230003,118.223007,2283900
2018-08-23,123.000000,123.779999,120.980003,121.599998,115.720161,990100
2018-08-24,122.959999,123.449997,121.500000,121.750000,115.862915,1314800
2018-08-27,122.559998,123.580002,121.820000,122.730003,116.795532,1638100
2018-08-28,122.470001,123.019997,120.400002,121.120003,115.263374,1304700
2018-08-29,121.120003,122.250000,120.510002,121.910004,116.015182,2070800
2018-08-30,121.660004,122.440002,120.809998,121.519997,115.644035,1060800
2018-08-31,121.199997,121.419998,119.690002,121.080002,115.225311,1852700
2018-09-04,122.150002,122.239998,119.800003,120.320000,114.502060,1374500
2018-09-05,119.389999,119.550003,116.889999,117.459999,111.780357,1778800
2018-09-06,117.470001,117.519997,113.500000,114.489998,108.953972,1721700
2018-09-07,114.000000,114.000000,111.330002,112.650002,107.202934,1902800
2018-09-10,112.739998,113.419998,111.750000,112.110001,106.689041,1902400
2018-09-11,112.360001,117.330002,111.309998,116.400002,110.771629,2335200
2018-09-12,117.720001,120.930000,117.709999,120.510002,114.682869,2308500
2018-09-13,120.169998,120.559998,117.639999,118.809998,113.065071,1962500
2018-09-14,119.250000,123.519997,118.440002,121.730003,115.843887,2167900
2018-09-17,121.570000,124.440002,121.099998,122.690002,116.757469,1582500
2018-09-18,123.910004,126.239998,122.959999,124.750000,118.717850,2019400
2018-09-19,124.800003,129.169998,124.500000,128.580002,122.362656,2071000
2018-09-20,129.300003,129.690002,126.440002,126.720001,120.592598,1917000
2018-09-21,127.849998,128.960007,126.779999,128.550003,122.334114,1801100
2018-09-24,130.210007,133.570007,129.970001,132.860001,126.435692,2216700
2018-09-25,133.639999,136.210007,132.979996,134.509995,128.005920,1891000
2018-09-26,134.130005,134.580002,131.130005,131.330002,124.979683,2045700
2018-09-27,133.050003,134.410004,131.880005,134.059998,127.577690,1283900
2018-09-28,133.550003,137.839996,133.229996,135.190002,128.653030,1629000
2018-10-01,135.449997,138.490005,135.360001,136.800003,130.185196,1215100
2018-10-02,137.089996,137.490005,135.100006,137.050003,130.423126,1423900
2018-10-03,137.940002,140.779999,136.429993,139.919998,133.154327,1820800
2018-10-04,139.380005,139.380005,135.199997,135.250000,128.710159,1506800
2018-10-05,136.210007,136.690002,133.889999,136.350006,129.756958,1428600
2018-10-08,134.600006,135.600006,131.820007,132.880005,126.454750,1466900
2018-10-09,132.630005,136.470001,132.630005,135.130005,128.595947,1228500
2018-10-10,135.139999,135.699997,128.929993,129.279999,123.028809,1652100
2018-10-11,128.059998,129.710007,124.559998,124.629997,118.603653,2204300
2018-10-12,127.470001,128.009995,121.879997,126.120003,120.021606,1604800
2018-10-15,127.790001,128.610001,126.220001,127.930000,121.744087,1073100
2018-10-16,129.199997,131.339996,127.610001,130.820007,124.494370,1234900
2018-10-17,130.630005,131.039993,128.160004,129.509995,123.247688,951100
2018-10-18,128.000000,128.360001,125.120003,126.959999,120.820992,947800
2018-10-19,127.570000,129.389999,126.459999,127.099998,120.954224,1298600
2018-10-22,127.169998,127.360001,124.089996,124.559998,118.537048,2078900
2018-10-23,121.190002,122.120003,117.120003,119.110001,113.350571,2636200
2018-10-24,120.879997,121.099998,112.620003,112.900002,107.440842,1479700
2018-10-25,114.480003,115.459999,111.949997,114.239998,108.716064,1766900
2018-10-26,112.250000,115.309998,109.900002,113.760002,108.259262,1867800
2018-10-29,113.790001,114.160004,106.379997,108.169998,102.939545,1768000
2018-10-30,106.389999,110.250000,105.930000,109.879997,104.566879,2093100
2018-10-31,111.019997,115.709999,110.800003,112.360001,106.926964,2455900
2018-11-01,112.800003,116.029999,112.500000,115.449997,109.867554,1499900
2018-11-02,116.019997,116.720001,112.970001,114.320000,108.792191,1556400
2018-11-05,115.550003,118.410004,114.750000,115.989998,110.381439,1315400
2018-11-06,116.419998,116.629997,112.510002,113.370003,107.888123,2266000
2018-11-07,117.779999,119.550003,110.269997,115.870003,110.267235,3843100
2018-11-08,115.279999,116.120003,109.580002,110.650002,105.299652,2403100
2018-11-09,109.080002,114.839996,106.209999,113.849998,108.344917,2440200
2018-11-12,114.669998,115.639999,109.910004,110.230003,104.899956,1889200
2018-11-13,109.730003,110.440002,106.680000,107.849998,102.635025,2039200
2018-11-14,110.029999,111.800003,108.019997,108.709999,103.453453,1676600
2018-11-15,108.940002,112.690002,107.550003,112.239998,106.812767,1848800
2018-11-16,112.230003,114.930000,111.830002,114.309998,108.903961,1632800
2018-11-19,112.540001,114.559998,110.760002,113.809998,108.427612,2185600
2018-11-20,111.099998,111.889999,108.080002,108.730003,103.587852,1912500
2018-11-21,109.690002,111.370003,109.169998,109.230003,104.064209,1527500
2018-11-23,105.279999,106.720001,103.510002,104.879997,99.919914,1443000
2018-11-26,106.559998,109.589996,105.779999,109.309998,104.140427,2564000
2018-11-27,112.099998,114.220001,108.989998,109.839996,104.645363,7557100
2018-11-28,109.339996,112.040001,108.269997,109.800003,104.607254,3818000
2018-11-29,110.379997,114.110001,109.709999,112.000000,106.703209,4893000
2018-11-30,111.449997,111.570000,105.070000,110.379997,105.159828,33049700
2018-12-03,113.830002,115.970001,111.260002,112.169998,106.865166,6422700
2018-12-04,112.389999,112.809998,104.839996,105.080002,100.110466,3880300
2018-12-06,102.000000,102.339996,96.949997,101.820000,97.004631,5247300
2018-12-07,105.000000,107.540001,102.059998,102.699997,97.843025,3588900
2018-12-10,101.339996,103.900002,99.430000,100.629997,95.870918,2668400
2018-12-11,103.279999,103.599998,99.279999,100.040001,95.308838,2166300
2018-12-12,101.769997,103.040001,98.379997,98.489998,93.832130,2795000
2018-12-13,98.139999,98.830002,94.540001,96.320000,91.764755,4373200
2018-12-14,95.779999,95.779999,91.839996,92.709999,88.325485,4368300
2018-12-17,92.150002,92.730003,88.150002,88.540001,84.352707,3815000
2018-12-18,88.870003,89.959999,86.510002,87.930000,83.771545,3899500
2018-12-19,89.250000,95.040001,88.980003,90.599998,86.315269,4552800
2018-12-20,88.370003,91.480003,88.370003,89.029999,84.819519,3320800
2018-12-21,89.639999,91.680000,87.779999,88.769997,84.571815,5570500
2018-12-24,88.230003,89.339996,85.610001,85.669998,81.618416,1673500
2018-12-26,86.919998,92.050003,85.190002,91.989998,87.639526,3065300
2018-12-27,90.000000,93.040001,88.470001,92.879997,88.487442,1932400
2018-12-28,93.419998,93.550003,90.070000,91.889999,87.544266,1803100
2018-12-31,92.440002,93.290001,91.070000,92.699997,88.315956,1508700
2019-01-02,90.639999,96.239998,89.860001,95.220001,90.716789,2385200
2019-01-03,95.699997,97.889999,94.330002,96.160004,91.612320,2275500
2019-01-04,97.870003,100.089996,97.089996,99.930000,95.204025,2600800
2019-01-07,100.660004,103.620003,99.730003,102.629997,97.776329,2267000
2019-01-08,104.190002,105.550003,102.669998,104.949997,99.986610,3275400
2019-01-09,107.000000,108.940002,105.709999,106.790001,101.739594,2257300
2019-01-10,105.190002,106.730003,104.180000,106.129997,101.110809,1835500
2019-01-11,105.250000,105.360001,102.699997,104.099998,99.176819,1531200
2019-01-14,102.529999,105.459999,102.150002,104.510002,99.567429,1833700
2019-01-15,105.180000,106.790001,103.320000,105.010002,100.043777,1245300
2019-01-16,104.739998,106.900002,103.900002,105.639999,100.643990,1610100
2019-01-17,104.550003,106.489998,104.120003,105.650002,100.653511,1259700
2019-01-18,106.879997,107.059998,105.400002,106.889999,101.834885,1645700
2019-01-22,105.580002,105.919998,101.209999,101.459999,96.661659,2429700
2019-01-23,102.690002,103.190002,100.010002,101.330002,96.537819,1464900
2019-01-24,101.400002,102.980003,100.989998,101.559998,96.756943,2267500
2019-01-25,102.110001,103.220001,101.430000,102.209999,97.376213,2364300
2019-01-28,100.790001,101.279999,99.239998,100.300003,95.556526,1631900
2019-01-29,101.190002,101.820000,99.680000,100.160004,95.423157,1505100
2019-01-30,102.239998,102.540001,100.080002,102.260002,97.423836,1287600
2019-01-31,102.599998,104.610001,101.830002,103.120003,98.243164,2240300
2019-02-01,103.400002,104.419998,102.320000,102.889999,98.024040,1274800
2019-02-04,102.269997,104.750000,100.349998,104.550003,99.605545,2025300
2019-02-05,103.930000,104.160004,101.660004,101.879997,97.061813,2340800
2019-02-06,101.099998,102.550003,99.839996,101.650002,96.842674,1347000
2019-02-07,100.889999,101.250000,97.669998,97.959999,93.327187,1892700
2019-02-08,97.820000,98.459999,95.080002,96.599998,92.031517,1908900
2019-02-11,96.139999,98.120003,94.860001,97.860001,93.231926,1374200
2019-02-12,99.339996,100.779999,98.239998,98.680000,94.013153,1580200
2019-02-13,99.339996,102.000000,99.010002,101.019997,96.242477,1569200
2019-02-14,100.599998,104.680000,100.500000,103.830002,98.919586,1827600
2019-02-15,105.000000,106.940002,104.089996,105.500000,100.510620,2132400
2019-02-19,104.510002,105.900002,103.199997,104.800003,99.843712,2466600
2019-02-20,104.000000,107.930000,103.489998,106.449997,101.536781,3395400
2019-02-21,105.059998,106.440002,101.070000,102.139999,97.425720,2724800
2019-02-22,103.190002,104.639999,102.639999,104.029999,99.228493,1874300
2019-02-25,103.389999,105.379997,102.849998,105.290001,100.430328,1707600
2019-02-26,105.150002,106.830002,104.760002,105.510002,100.640167,1854800
2019-02-27,106.099998,108.239998,105.330002,105.489998,100.621094,1576500
2019-02-28,105.349998,105.510002,102.589996,102.930000,98.179245,2404900
2019-03-01,103.209999,105.940002,103.209999,104.790001,99.953415,1910600
2019-03-04,105.570000,105.769997,102.730003,104.669998,99.838943,1459500
2019-03-05,105.120003,105.120003,102.250000,102.620003,97.883575,1380800
2019-03-06,102.440002,102.489998,99.440002,100.050003,95.432182,1680200
2019-03-07,100.269997,100.660004,97.699997,97.760002,93.247864,1711100
2019-03-08,95.870003,96.059998,92.870003,95.500000,91.092194,1873600
2019-03-11,96.570000,97.769997,96.000000,97.580002,93.076180,1398800
2019-03-12,98.010002,101.019997,98.010002,100.500000,95.861412,1920700
2019-03-13,102.480003,103.519997,101.339996,103.419998,98.646629,2119200
2019-03-14,103.239998,106.120003,103.239998,104.209999,99.400169,2550900
2019-03-15,103.269997,104.029999,101.949997,102.389999,97.664177,1755600
2019-03-18,102.820000,104.629997,101.980003,104.540001,99.714943,1396200
2019-03-19,104.930000,105.199997,102.620003,103.180000,98.417717,1330900
2019-03-20,102.760002,106.330002,102.699997,105.180000,100.325401,1531300
2019-03-21,105.040001,106.360001,104.360001,105.910004,101.021713,1657700
2019-03-22,105.059998,105.059998,101.080002,101.370003,96.691261,1412700
2019-03-25,101.080002,101.309998,99.220001,100.980003,96.319267,1053200
2019-03-26,102.059998,104.320000,101.940002,102.610001,97.874023,1353000
2019-03-27,102.580002,103.529999,101.190002,102.349998,97.626022,880400
2019-03-28,101.519997,102.800003,101.000000,102.540001,97.807251,2086300
2019-03-29,103.779999,104.769997,101.250000,101.529999,96.843864,1508800
2019-04-01,102.900002,104.199997,102.349998,103.690002,98.904175,1414000
2019-04-02,103.900002,104.559998,102.410004,102.489998,97.759567,1209100
2019-04-03,102.989998,103.449997,99.519997,99.959999,95.346344,1491500
2019-04-04,100.000000,100.529999,98.800003,99.839996,95.231873,1751900
2019-04-05,100.570000,102.849998,100.059998,102.449997,97.721397,1951600
2019-04-08,102.800003,105.160004,102.800003,104.349998,99.533714,1577000
2019-04-09,103.790001,104.080002,102.220001,102.839996,98.093407,1236700
2019-04-10,102.910004,104.500000,102.599998,103.870003,99.075874,1208200
2019-04-11,103.309998,103.370003,99.839996,99.919998,95.308174,3192700
2019-04-12,105.000000,108.089996,104.519997,106.279999,101.374626,3828700
2019-04-15,106.699997,108.129997,105.339996,105.959999,101.069397,1716500
2019-04-16,106.550003,107.410004,105.449997,106.870003,101.937401,2224300
2019-04-17,107.870003,109.470001,107.129997,108.239998,103.244164,1890500
2019-04-18,109.209999,109.500000,107.220001,107.279999,102.328476,1480600
2019-04-22,108.820000,111.470001,108.279999,111.199997,106.067551,2347500
2019-04-23,111.199997,112.800003,110.139999,111.809998,106.649391,2130300
2019-04-24,112.360001,112.970001,110.230003,111.040001,105.914932,2721500
2019-04-25,111.120003,111.959999,109.500000,109.610001,104.550949,1261700
2019-04-26,108.690002,108.800003,105.720001,107.209999,102.261703,1817400
2019-04-29,107.489998,107.800003,106.129997,106.900002,101.966026,1224400
2019-04-30,107.430000,108.309998,105.820000,106.389999,101.479561,1917800
2019-05-01,105.690002,105.750000,101.250000,101.370003,96.691261,2127200
2019-05-02,99.870003,102.139999,99.029999,99.120003,94.545105,1780900
2019-05-03,100.019997,101.489998,99.699997,100.470001,95.832794,1697800
2019-05-06,98.849998,101.360001,98.779999,100.699997,96.052162,1715300
2019-05-07,99.550003,100.199997,95.820000,98.230003,93.696190,2597600
2019-05-08,101.489998,108.040001,101.489998,105.849998,100.964478,4557800
2019-05-09,104.959999,109.610001,104.599998,108.239998,103.244164,3515200
2019-05-10,108.040001,108.889999,106.629997,107.889999,102.910316,2279900
2019-05-13,107.120003,108.930000,105.709999,107.199997,102.252167,1587100
2019-05-14,107.739998,109.570000,107.669998,109.110001,104.074013,1661700
2019-05-15,107.690002,110.430000,107.430000,109.059998,104.026329,1416400
2019-05-16,109.949997,111.029999,109.769997,110.629997,105.523849,1044500
2019-05-17,109.760002,111.430000,109.760002,111.019997,105.895859,1281200
2019-05-20,110.680000,111.220001,109.320000,109.660004,104.598633,1390900
2019-05-21,110.900002,114.139999,110.750000,113.800003,108.547562,2239300
2019-05-22,112.989998,113.279999,108.839996,108.879997,103.854614,1444400
2019-05-23,106.669998,106.669998,101.769997,104.029999,99.228493,2143600
2019-05-24,104.919998,105.690002,101.639999,104.110001,99.484581,1389000
2019-05-28,104.389999,104.870003,102.730003,103.519997,98.920784,1428900
2019-05-29,101.629997,102.370003,100.089996,101.309998,96.808975,2679600
2019-05-30,101.440002,102.739998,99.900002,100.349998,95.891632,1645400
2019-05-31,98.330002,100.239998,97.610001,98.059998,93.703369,1900500
2019-06-03,98.709999,99.629997,97.279999,98.169998,93.808479,1950100
2019-06-04,99.300003,99.949997,97.169998,99.129997,94.725822,1769100
2019-06-05,99.059998,99.779999,94.449997,96.120003,91.849548,2088700
2019-06-06,96.209999,97.989998,95.910004,97.580002,93.244690,1450800
2019-06-07,96.940002,98.709999,96.769997,97.019997,92.709572,1674000
2019-06-10,97.699997,98.570000,96.440002,97.599998,93.263802,1750900
2019-06-11,98.639999,100.970001,98.029999,99.760002,95.327843,1516200
2019-06-12,98.269997,100.199997,97.830002,98.209999,93.846710,1551700
2019-06-13,100.309998,101.580002,99.529999,100.169998,95.719612,1079900
2019-06-14,100.430000,101.320000,98.220001,98.949997,94.553825,1093000
2019-06-17,98.430000,102.230003,98.199997,101.580002,97.066978,1256400
2019-06-18,102.250000,105.459999,102.250000,104.540001,99.895477,1416700
2019-06-19,104.099998,105.400002,102.820000,104.120003,99.494133,1205700
2019-06-20,106.809998,108.190002,105.570000,107.589996,102.809959,1871900
2019-06-21,107.980003,109.980003,107.110001,109.790001,104.912224,2484200
2019-06-24,109.919998,110.230003,107.080002,107.639999,102.857750,1380200
2019-06-25,107.150002,107.809998,105.050003,105.220001,100.545265,1302600
2019-06-26,106.620003,109.029999,105.550003,107.230003,102.465958,1645400
2019-06-27,107.599998,108.940002,107.360001,107.489998,102.714401,1005600
2019-06-28,108.449997,109.550003,107.940002,108.970001,104.128662,1633900
2019-07-01,111.050003,111.150002,108.169998,109.349998,104.491776,1467900
2019-07-02,109.290001,109.300003,103.959999,104.169998,99.541908,1834000
2019-07-03,104.510002,105.230003,103.940002,105.199997,100.526138,584800
2019-07-05,106.019997,108.660004,106.000000,107.410004,102.637970,1355900
2019-07-08,106.889999,108.209999,105.720001,106.959999,102.207970,804200
2019-07-09,106.480003,107.000000,105.129997,106.970001,102.217506,1006300
2019-07-10,108.480003,110.389999,107.730003,109.680000,104.807106,1097200
2019-07-11,109.580002,109.760002,107.730003,109.320000,104.463104,1230900
2019-07-12,109.800003,111.839996,109.720001,110.830002,105.906029,1243600
2019-07-15,110.820000,111.239998,106.349998,106.410004,101.682396,1075200
2019-07-16,106.540001,107.449997,102.839996,104.110001,99.484581,1652000
2019-07-17,103.800003,104.949997,101.709999,101.790001,97.267654,1230500
2019-07-18,101.970001,103.629997,101.019997,103.580002,98.978134,1418600
2019-07-19,103.860001,105.070000,103.040001,104.610001,99.962364,1141900
2019-07-22,104.559998,106.500000,103.370003,103.489998,98.892128,981600
2019-07-23,103.779999,104.820000,103.239998,104.440002,99.799904,738900
2019-07-24,103.870003,106.339996,103.870003,104.449997,99.809464,802700
2019-07-25,104.540001,104.910004,100.680000,101.400002,96.894981,1127400
2019-07-26,101.680000,102.489998,100.269997,101.989998,97.458763,1005500
2019-07-29,101.820000,102.089996,99.040001,99.730003,95.299171,1186300
2019-07-30,99.250000,103.279999,98.919998,102.830002,98.261444,1311900
2019-07-31,102.489998,104.989998,102.099998,103.430000,98.834793,1473000
2019-08-01,99.699997,100.169998,95.029999,97.400002,93.072685,4983800
2019-08-02,97.870003,99.129997,94.830002,97.489998,93.158684,2019200
2019-08-05,95.019997,95.489998,91.309998,91.449997,87.387032,2350900
2019-08-06,91.800003,93.000000,88.790001,91.059998,87.014359,2593600
2019-08-07,88.019997,93.739998,86.680000,92.739998,88.619720,3916400
2019-08-08,94.050003,95.500000,93.500000,95.199997,90.970428,4293900
2019-08-09,95.339996,98.260002,94.260002,96.419998,92.136230,1676100
2019-08-12,96.059998,97.800003,95.269997,96.879997,92.575783,1870000
2019-08-13,97.029999,100.750000,96.389999,99.940002,95.499840,1796900
2019-08-14,97.330002,98.099998,96.160004,96.309998,92.031113,1783100
2019-08-15,95.669998,97.139999,94.309998,95.809998,91.732391,1531100
2019-08-16,95.970001,97.839996,95.580002,97.260002,93.120697,1302500
2019-08-19,99.000000,100.239998,98.070000,99.959999,95.705765,1109000
2019-08-20,99.239998,100.500000,98.690002,99.279999,95.054710,1034000
2019-08-21,100.449997,101.550003,99.459999,100.099998,95.839813,961700
2019-08-22,100.419998,100.699997,99.139999,99.230003,95.006836,905500
2019-08-23,97.610001,98.639999,94.220001,94.599998,90.573891,1817400
2019-08-26,96.589996,96.739998,93.110001,93.500000,89.520706,1659800
2019-08-27,93.800003,94.349998,91.370003,92.370003,88.438797,1528600
2019-08-28,93.209999,97.750000,92.849998,96.629997,92.517502,1760500
2019-08-29,97.500000,100.019997,97.500000,98.580002,94.384506,1333000
2019-08-30,98.779999,99.800003,96.849998,98.080002,93.905792,1703700
2019-09-03,95.290001,97.320000,93.860001,97.000000,92.871742,1427100
2019-09-04,98.919998,99.580002,97.739998,97.820000,93.656845,1160600
2019-09-05,98.410004,99.900002,97.559998,97.650002,93.494087,1561800
2019-09-06,95.779999,97.000000,95.089996,95.599998,91.531326,1623800
2019-09-09,96.669998,97.610001,95.239998,96.540001,92.431335,2582100
2019-09-10,97.349998,101.500000,97.010002,99.459999,95.227051,2724600
2019-09-11,100.000000,101.370003,97.790001,98.720001,94.518547,1314200
2019-09-12,96.489998,97.449997,95.570000,96.169998,92.077072,1575400
2019-09-13,96.610001,97.580002,95.529999,96.730003,92.613251,1189600
2019-09-16,104.000000,105.949997,101.809998,105.040001,100.569572,3985100
2019-09-17,104.750000,105.300003,100.370003,100.449997,96.174919,2406400
2019-09-18,99.349998,99.500000,97.190002,98.250000,94.068550,1550000
2019-09-19,99.589996,99.839996,96.940002,97.330002,93.187714,1270700
2019-09-20,97.349998,98.190002,95.800003,96.820000,92.699409,3524400
2019-09-23,96.650002,99.139999,96.440002,98.290001,94.106850,1797800
2019-09-24,97.500000,98.290001,93.589996,94.489998,90.468567,2268100
2019-09-25,93.519997,93.900002,91.070000,93.239998,89.271774,2199000
2019-09-26,92.750000,93.000000,89.089996,90.120003,86.284554,2467300
2019-09-27,89.000000,90.900002,88.900002,89.989998,86.160088,1680800
2019-09-30,89.809998,90.400002,88.599998,89.910004,86.083504,1125800
2019-10-01,88.949997,89.489998,85.000000,85.000000,81.382462,3069100
2019-10-02,84.650002,85.180000,82.440002,83.120003,79.582474,2013100
2019-10-03,82.320000,86.589996,82.320000,85.889999,82.234589,2143400
2019-10-04,86.220001,86.699997,83.989998,85.419998,81.784592,1328400
2019-10-07,85.360001,85.650002,83.360001,83.370003,79.821838,1750400
2019-10-08,82.480003,82.870003,80.769997,80.820000,77.380363,1900200
2019-10-09,81.839996,82.389999,80.750000,81.550003,78.079292,1582500
2019-10-10,81.639999,82.809998,81.139999,82.540001,79.027161,1334000
2019-10-11,83.489998,84.680000,82.959999,83.639999,80.080338,1397300
2019-10-14,82.180000,84.699997,80.930000,83.959999,80.386726,1244200
2019-10-15,83.019997,85.940002,82.660004,84.839996,81.229263,2119200
2019-10-16,84.040001,85.470001,83.339996,83.430000,79.879272,1516900
2019-10-17,83.820000,85.110001,83.150002,84.040001,80.463318,1900500
2019-10-18,84.260002,84.870003,81.940002,81.970001,78.481415,1358600
2019-10-21,82.250000,83.040001,81.699997,82.739998,79.218643,1284200
2019-10-22,83.309998,87.070000,82.830002,85.690002,82.043091,1218600
2019-10-23,85.470001,87.870003,84.139999,87.160004,83.450539,1333500
2019-10-24,87.959999,88.400002,86.040001,86.910004,83.211174,1015200
2019-10-25,86.839996,88.260002,86.180000,87.459999,83.737762,961600
2019-10-28,87.980003,88.820000,86.010002,86.599998,82.914360,1213500
2019-10-29,85.800003,88.339996,85.430000,87.919998,84.178185,1707800
2019-10-30,87.129997,88.239998,84.089996,84.379997,80.788849,1786700
2019-10-31,84.000000,85.779999,82.839996,85.760002,82.110115,1409000
2019-11-01,86.540001,87.400002,85.809998,86.790001,83.096283,1491200
2019-11-04,88.190002,90.870003,88.010002,90.360001,86.514343,2150000
2019-11-05,91.000000,92.790001,90.080002,90.230003,86.389893,2512500
2019-11-06,80.029999,80.699997,76.510002,77.199997,73.914421,13543100
2019-11-07,77.750000,79.180000,74.550003,75.559998,72.344215,5583200
2019-11-08,74.849998,76.529999,74.250000,75.430000,72.219757,2361000
2019-11-11,74.220001,77.150002,73.709999,76.779999,73.512299,3207700
2019-11-12,77.809998,79.550003,77.099998,78.010002,74.689957,2975600
2019-11-13,77.309998,78.540001,76.220001,77.010002,73.732513,2145700
2019-11-14,76.860001,78.010002,75.879997,76.290001,73.221901,1589300
2019-11-15,76.550003,77.870003,76.080002,77.089996,73.989716,2195500
2019-11-18,76.690002,76.709999,75.300003,75.730003,72.684433,1717100
2019-11-19,75.129997,75.430000,73.860001,74.190002,71.206360,1618800
2019-11-20,74.250000,76.180000,73.180000,75.290001,72.262115,1591600
2019-11-21,75.550003,76.120003,74.150002,75.570000,72.530853,3014900
2019-11-22,75.559998,76.589996,74.940002,75.330002,72.300507,1748100
2019-11-25,75.040001,77.230003,74.220001,77.129997,74.028130,2119600
2019-11-26,77.320000,77.599998,76.070000,77.099998,73.999329,2149300
2019-11-27,77.610001,79.019997,76.860001,78.519997,75.362221,1881400
2019-11-29,77.489998,78.389999,76.709999,77.339996,74.229675,946200
2019-12-02,77.589996,78.489998,76.750000,77.879997,74.747955,1677200
2019-12-03,76.870003,77.440002,76.220001,76.910004,73.816971,1800300
2019-12-04,77.309998,81.080002,77.160004,80.559998,77.320175,2598900
2019-12-05,80.820000,81.500000,79.309998,79.940002,76.725121,2013700
2019-12-06,80.370003,83.519997,80.330002,83.230003,79.882820,2031900
2019-12-09,82.610001,84.339996,82.000000,83.779999,80.410683,1781600
2019-12-10,83.860001,84.620003,83.250000,83.459999,80.103546,1710000
2019-12-11,83.669998,84.330002,83.029999,83.830002,80.458672,3193800
2019-12-12,83.910004,86.860001,83.830002,86.269997,82.800545,1660500
2019-12-13,86.690002,87.750000,85.050003,85.089996,81.667999,1272000
2019-12-16,85.639999,87.919998,85.639999,87.690002,84.163445,2780200
2019-12-17,87.820000,88.410004,86.339996,86.610001,83.126869,1904100
2019-12-18,86.629997,88.209999,86.610001,87.080002,83.577965,1594900
2019-12-19,87.250000,87.919998,86.019997,87.480003,83.961891,2108400
2019-12-20,88.169998,89.190002,87.169998,88.019997,84.480171,4300900
2019-12-23,88.389999,89.440002,88.199997,89.029999,85.449547,1980300
2019-12-24,89.260002,90.919998,89.029999,90.180000,86.553299,745300
2019-12-26,90.480003,92.059998,90.430000,91.309998,87.637848,1466900
2019-12-27,91.699997,92.099998,90.599998,90.769997,87.119560,1342400
2019-12-30,91.370003,92.129997,90.849998,91.070000,87.407509,1790300
2019-12-31,90.769997,93.120003,90.610001,92.860001,89.125519,1101500
2020-01-02,93.349998,93.660004,91.489998,92.650002,88.923965,1822000
2020-01-03,95.000000,95.750000,93.430000,94.410004,90.613182,2168500
2020-01-06,95.660004,95.910004,93.970001,94.900002,91.083481,2018200
2020-01-07,94.650002,96.540001,94.650002,96.419998,92.542358,2196900
2020-01-08,96.480003,96.919998,92.610001,93.330002,89.576630,1991100
2020-01-09,93.290001,94.639999,92.029999,94.150002,90.363640,1458900
2020-01-10,93.680000,93.680000,91.910004,92.260002,88.549660,1684400
2020-01-13,91.989998,92.110001,90.320000,90.480003,86.841248,2451800
2020-01-14,90.570000,91.760002,89.910004,91.260002,87.589867,2048500
2020-01-15,90.769997,91.720001,89.570000,91.309998,87.637848,1538700
2020-01-16,91.709999,92.739998,90.419998,90.739998,87.090775,1586900
2020-01-17,90.889999,91.650002,89.309998,89.540001,85.939034,1930400
2020-01-21,89.419998,89.680000,87.510002,88.320000,84.768105,2215800
2020-01-22,87.870003,88.070000,85.279999,85.440002,82.003929,2112200
2020-01-23,84.820000,86.180000,83.010002,84.699997,81.293678,2058300
2020-01-24,84.010002,84.010002,81.870003,82.839996,79.508476,1608500
2020-01-27,81.239998,81.500000,79.169998,79.370003,76.178040,2338600
2020-01-28,80.250000,80.410004,78.709999,79.120003,75.938095,2815100
2020-01-29,79.949997,80.500000,77.519997,77.570000,74.450424,1379400
2020-01-30,76.260002,77.139999,74.370003,76.489998,73.413872,3936700
2020-01-31,75.500000,75.820000,73.550003,74.400002,71.407913,2437700
2020-02-03,74.199997,74.510002,72.510002,73.080002,70.140999,2568400
2020-02-04,74.559998,75.160004,72.989998,73.220001,70.275368,2249200
2020-02-05,74.949997,78.349998,74.680000,77.400002,74.287270,2996200
2020-02-06,77.669998,77.839996,75.720001,76.230003,73.164322,1309600
2020-02-07,75.309998,75.680000,73.820000,74.239998,71.254341,1549500
2020-02-10,73.279999,73.779999,71.720001,72.000000,69.104431,3973100
2020-02-11,73.129997,73.470001,72.080002,72.510002,69.593925,1898200
2020-02-12,72.870003,75.080002,72.870003,74.349998,71.359924,1999300
2020-02-13,74.239998,74.930000,73.699997,74.540001,71.542290,2526600
2020-02-14,75.000000,75.260002,73.919998,74.970001,71.955002,2084200
2020-02-18,74.510002,75.570000,73.879997,74.559998,71.561478,2282400
2020-02-19,77.370003,79.970001,77.199997,79.290001,76.101257,4359300
2020-02-20,80.400002,81.589996,78.250000,78.480003,75.323830,2429400
2020-02-21,77.309998,77.309998,75.529999,76.400002,73.327477,2015200
2020-02-24,73.199997,73.309998,70.360001,71.080002,68.221436,2522700
2020-02-25,71.360001,71.650002,66.389999,67.160004,64.459076,3401300
2020-02-26,67.209999,67.709999,63.090000,63.139999,60.600742,3366500
2020-02-27,60.430000,62.529999,57.630001,59.480000,57.087940,4306000
2020-02-28,57.130001,62.130001,57.000000,62.000000,59.506596,4762200
2020-03-02,62.750000,62.779999,59.610001,62.139999,60.003891,3284100
2020-03-03,62.099998,64.239998,61.060001,61.759998,59.636948,3101200
2020-03-04,62.480000,62.610001,59.750000,61.070000,58.970673,2453500
2020-03-05,60.150002,60.259998,57.169998,58.209999,56.208984,2460900
2020-03-06,55.549999,55.930000,47.500000,48.560001,46.890713,6880600
2020-03-09,29.059999,29.500000,23.370001,26.879999,25.955980,19434300
2020-03-10,30.000000,31.879999,25.990000,29.680000,28.659727,11259800
2020-03-11,28.309999,28.309999,25.010000,26.200001,25.299356,7510100
2020-03-12,23.660000,26.490000,22.559999,25.620001,24.739294,7646900
2020-03-13,27.870001,28.180000,25.350000,27.190001,26.255323,6709900
2020-03-16,22.830000,27.280001,20.240000,23.490000,22.682514,5636300
2020-03-17,23.680000,24.000000,19.920000,20.230000,19.534578,6335400
2020-03-18,18.379999,18.910000,14.550000,15.560000,15.025113,7658200
2020-03-19,15.880000,19.360001,15.270000,18.690001,18.047516,7577400
2020-03-20,19.340000,20.809999,17.510000,18.590000,17.950954,8186000
2020-03-23,18.690001,21.490000,17.490000,20.370001,19.669767,6731200
2020-03-24,22.250000,24.680000,22.080000,24.120001,23.290857,6282000
2020-03-25,24.600000,25.969999,22.170000,24.170000,23.339138,5472600
2020-03-26,24.160000,26.820000,23.969999,25.950001,25.057951,5156700
2020-03-27,24.780001,24.830000,23.299999,23.870001,23.049452,3532600
2020-03-30,22.760000,23.889999,22.000000,23.590000,22.779076,4627000
2020-03-31,24.629999,27.280001,24.330000,26.200001,25.299356,5978800
2020-04-01,25.190001,25.620001,23.700001,25.070000,24.208199,5043300
2020-04-02,26.590000,33.180000,26.440001,29.049999,28.051384,10438900
2020-04-03,31.219999,32.880001,27.790001,31.590000,30.504070,9649600
2020-04-06,32.200001,32.490002,29.629999,32.099998,30.996536,5645200
2020-04-07,33.650002,38.099998,32.480000,33.009998,31.875256,6543400
2020-04-08,34.250000,37.660000,33.669998,37.480000,36.191593,5067400
2020-04-09,40.380001,41.000000,33.230000,34.860001,33.661659,8914200
2020-04-13,36.950001,37.189999,32.720001,33.080002,31.942854,5231200
2020-04-14,32.790001,33.869999,31.100000,31.650000,30.562006,5110200
2020-04-15,29.480000,30.480000,28.600000,30.230000,29.190821,5506700
2020-04-16,30.490000,30.500000,27.459999,28.030001,27.066450,5225200
2020-04-17,28.379999,31.580000,28.270000,31.520000,30.436476,5523300
2020-04-20,29.000000,32.480000,28.549999,30.860001,29.799164,4717700
2020-04-21,29.469999,31.540001,29.150000,31.400000,30.320601,4822500
2020-04-22,33.200001,34.650002,32.980000,34.240002,33.062973,4612900
2020-04-23,35.450001,37.830002,34.849998,37.099998,35.824657,5175800
2020-04-24,37.880001,39.490002,35.160000,35.779999,34.550034,5357000
2020-04-27,34.820000,36.750000,33.119999,36.220001,34.974915,3587000
2020-04-28,37.639999,38.290001,35.799999,38.000000,36.693718,4282800
2020-04-29,40.040001,44.250000,39.630001,44.189999,42.670937,5239400
2020-04-30,44.189999,44.650002,40.830002,43.540001,42.043282,5484800
2020-05-01,42.110001,42.730000,38.959999,40.279999,38.895344,3825500
2020-05-04,38.840000,42.549999,38.279999,42.520000,41.058342,3596000
2020-05-05,45.540001,45.880001,39.830002,40.330002,38.943630,5252200
2020-05-06,40.549999,41.770000,38.900002,38.919998,37.582096,2879900
2020-05-07,40.240002,41.660000,39.759998,40.369999,38.982250,2376700
2020-05-08,41.560001,42.490002,40.700001,42.080002,40.633469,2804900
2020-05-11,41.889999,42.500000,40.919998,41.020000,39.609905,2340700
2020-05-12,41.619999,41.900002,40.040001,40.869999,39.465061,2651300
2020-05-13,40.139999,40.139999,37.209999,37.790001,36.828861,3626200
2020-05-14,37.259998,39.520000,35.810001,38.180000,37.208942,2732800
2020-05-15,38.380001,39.779999,38.009998,38.779999,37.793678,2701900
2020-05-18,41.709999,43.650002,41.410000,43.439999,42.335159,2908600
2020-05-19,43.770000,44.200001,41.820000,41.840000,40.775852,2503800
2020-05-20,42.790001,44.029999,42.680000,43.660000,42.549561,2104300
2020-05-21,43.630001,44.240002,42.060001,42.889999,41.799145,1616800
2020-05-22,42.570000,43.000000,41.380001,42.939999,41.847874,1773800
2020-05-26,44.490002,45.439999,43.779999,44.900002,43.758030,2680900
2020-05-27,45.419998,46.180000,42.799999,44.299999,43.173283,2796200
2020-05-28,44.599998,44.720001,42.500000,43.020000,41.925838,1983000
2020-05-29,42.590000,43.270000,41.509998,42.580002,41.497036,4327500
2020-06-01,42.299999,44.060001,41.380001,43.730000,42.617783,2103300
2020-06-02,44.250000,45.709999,44.180000,45.610001,44.449970,1941800
2020-06-03,46.580002,47.820000,45.630001,47.580002,46.369869,2014500
2020-06-04,47.299999,48.380001,46.200001,47.680000,46.467319,1697800
2020-06-05,51.580002,53.410000,50.590000,52.209999,50.882107,4400900
2020-06-08,55.290001,59.889999,54.080002,59.820000,58.298553,4506800
2020-06-09,57.250000,57.270000,53.299999,53.919998,52.548615,4396800
2020-06-10,52.439999,53.320000,50.160000,50.169998,48.893990,2612300
2020-06-11,44.900002,47.779999,44.230000,44.360001,43.231762,3623300
2020-06-12,47.759998,48.730000,44.400002,46.959999,45.765633,2637300
2020-06-15,43.880001,49.070000,43.160000,48.119999,46.896130,2998500
2020-06-16,51.520000,51.860001,48.040001,49.970001,48.699081,2151500
2020-06-17,49.810001,49.849998,46.500000,46.549999,45.366058,2263800
2020-06-18,46.430000,47.970001,45.750000,46.590000,45.405045,2401200
2020-06-19,47.680000,48.200001,45.689999,46.730000,45.541485,5432500
2020-06-22,46.849998,46.959999,45.049999,46.090000,44.917759,2671400
2020-06-23,47.150002,47.650002,45.959999,46.310001,45.132168,2740100
2020-06-24,45.500000,45.500000,41.750000,41.900002,40.834328,4372000
2020-06-25,41.770000,43.650002,40.830002,43.619999,42.510582,3468600
2020-06-26,42.849998,42.980000,40.450001,41.130001,40.083912,3699000
2020-06-29,40.400002,41.889999,39.919998,41.430000,40.376282,2680100
2020-06-30,40.790001,42.160000,39.840000,41.820000,40.756363,2632400
2020-07-01,42.360001,42.849998,39.520000,39.599998,38.592823,4343000
2020-07-02,40.930000,42.540001,40.320000,41.560001,40.502975,3305900
2020-07-06,42.669998,43.130001,41.299999,42.880001,41.789406,2497900
2020-07-07,41.990002,42.439999,40.110001,40.119999,39.099598,2133100
2020-07-08,40.270000,41.070000,39.840000,40.230000,39.206802,2738300
2020-07-09,40.049999,40.439999,37.369999,37.500000,36.546234,3235300
2020-07-10,37.369999,39.000000,36.910000,38.930000,37.939865,2557200
2020-07-13,39.110001,39.689999,36.900002,37.099998,36.156410,3915700
2020-07-14,37.150002,39.419998,36.799999,39.279999,38.280960,2776800
2020-07-15,39.880001,40.200001,38.139999,39.900002,38.885193,3706300
2020-07-16,39.080002,40.529999,38.169998,39.509998,38.505116,1651600
2020-07-17,39.590000,40.330002,38.689999,39.020000,38.027576,1904100
2020-07-20,39.049999,40.110001,38.560001,38.580002,37.598766,1623700
2020-07-21,40.230000,42.820000,40.160000,42.110001,41.038990,3450300
2020-07-22,41.360001,41.889999,40.369999,41.700001,40.639416,1267800
2020-07-23,41.189999,41.889999,40.610001,41.070000,40.025436,1257200
2020-07-24,41.380001,41.869999,40.320000,40.730000,39.694084,1026000
2020-07-27,41.000000,41.099998,39.689999,40.049999,39.031376,1231600
2020-07-28,39.639999,40.279999,38.759998,38.880001,37.891136,1534200
2020-07-29,39.040001,40.820000,38.660000,40.759998,39.723320,1644400
2020-07-30,39.369999,39.950001,38.490002,39.509998,38.505116,1717900
2020-07-31,39.419998,40.070000,39.119999,39.860001,38.846214,2380400
2020-08-03,39.869999,40.639999,38.830002,40.009998,38.992397,2151000
2020-08-04,39.770000,41.450001,39.270000,41.070000,40.025436,2728200
2020-08-05,42.150002,43.259998,41.029999,41.630001,40.571194,1973900
2020-08-06,41.099998,41.700001,40.349998,40.730000,39.694084,1706300
2020-08-07,40.290001,42.200001,39.900002,42.009998,40.941528,1584200
2020-08-10,42.259998,44.880001,42.259998,44.669998,43.533875,2869300
2020-08-11,45.689999,46.950001,44.200001,44.450001,43.319469,2717200
2020-08-12,45.110001,45.759998,44.099998,44.570000,43.805984,1702400
2020-08-13,44.450001,45.000000,43.880001,44.580002,43.815819,1508000
2020-08-14,44.400002,45.810001,44.099998,45.509998,44.729870,1775400
2020-08-17,45.310001,45.799999,44.349998,45.080002,44.307247,1712400
2020-08-18,44.639999,45.330002,44.330002,44.490002,43.727360,1604500
2020-08-19,44.450001,44.779999,43.200001,43.299999,42.557755,1057500
2020-08-20,42.419998,42.810001,40.619999,40.630001,39.933525,2567000
2020-08-21,40.009998,40.380001,39.060001,39.209999,38.537865,2582500
2020-08-24,39.639999,40.889999,39.150002,40.049999,39.363464,1722200
2020-08-25,40.529999,41.259998,40.060001,41.060001,40.356155,1653300
2020-08-26,40.980000,41.360001,39.330002,39.389999,38.714783,1318800
2020-08-27,39.740002,40.119999,39.160000,39.770000,39.088268,1690400
2020-08-28,39.959999,40.580002,39.619999,40.139999,39.451923,1239000
2020-08-31,40.160000,40.200001,38.950001,38.959999,38.292149,1819300
2020-09-01,38.799999,39.169998,38.180000,38.480000,37.820381,2169400
2020-09-02,38.130001,38.240002,36.250000,36.320000,35.697407,4058600
2020-09-03,36.360001,36.930000,35.480000,35.770000,35.156834,3410700
2020-09-04,36.230000,36.439999,34.980000,35.529999,34.920948,2883800
2020-09-08,34.700001,34.840000,31.920000,31.990000,31.441631,3869100
2020-09-09,32.610001,32.610001,31.549999,32.189999,31.638201,4372900
2020-09-10,32.230000,32.230000,30.080000,30.080000,29.564373,2852300
2020-09-11,30.150000,30.490000,29.120001,29.620001,29.112257,3425800
2020-09-14,30.250000,31.480000,29.750000,31.059999,30.527573,3083900
2020-09-15,31.190001,31.719999,30.360001,30.500000,29.977173,2517700
2020-09-16,30.879999,33.880001,30.600000,32.910000,32.345860,3570800
2020-09-17,32.060001,33.820000,31.809999,33.790001,33.210773,3290200
2020-09-18,33.490002,34.000000,32.990002,33.770000,33.191116,4801000
2020-09-21,32.549999,32.790001,31.030001,32.080002,31.530090,2850900
2020-09-22,32.369999,33.099998,30.940001,31.610001,31.068146,2702700
2020-09-23,31.610001,32.020000,29.860001,29.900000,29.387457,2398000
2020-09-24,29.870001,30.930000,28.850000,29.990000,29.475914,2031200
2020-09-25,29.600000,30.139999,28.840000,29.900000,29.387457,3254500
2020-09-28,30.809999,32.029999,30.660000,31.490000,30.950203,2581200
2020-09-29,31.070000,31.309999,30.260000,31.200001,30.665174,2002600
2020-09-30,31.320000,31.770000,29.990000,30.120001,29.603687,2935100
2020-10-01,30.010000,30.010000,28.590000,29.090000,28.591341,4321700
2020-10-02,28.170000,30.969999,28.049999,30.469999,29.947685,3746800
2020-10-05,31.000000,31.280001,30.230000,30.870001,30.340830,2377900
2020-10-06,31.629999,32.430000,29.030001,29.209999,28.709284,3605300
2020-10-07,29.650000,29.870001,28.920000,29.469999,28.964827,3222600
2020-10-08,29.850000,31.150000,29.500000,31.120001,30.586546,2542400
2020-10-09,31.500000,31.860001,30.420000,30.690001,30.163916,2767900
2020-10-12,30.340000,31.520000,29.570000,31.200001,30.665174,1891700
2020-10-13,30.830000,31.450001,30.379999,30.410000,29.888714,1866100
2020-10-14,30.690001,32.389999,30.480000,30.490000,29.967344,2691400
2020-10-15,29.910000,30.629999,29.209999,30.629999,30.104942,2778900
2020-10-16,30.520000,30.590000,29.200001,29.290001,28.787916,2778000
2020-10-19,29.680000,29.690001,28.010000,28.040001,27.559343,4017700
2020-10-20,28.389999,29.080000,27.580000,28.450001,27.962315,2940000
2020-10-21,28.209999,28.440001,27.510000,27.709999,27.234997,3020000
2020-10-22,27.770000,29.400000,27.690001,29.170000,28.669971,3398000
2020-10-23,29.299999,29.660000,28.629999,29.030001,28.532372,2758800
2020-10-26,28.540001,28.740000,27.240000,27.530001,27.058084,2738100
2020-10-27,27.350000,27.440001,26.450001,26.570000,26.114540,4581200
2020-10-28,25.500000,26.070000,24.510000,24.600000,24.178308,5808200
2020-10-29,24.000000,25.629999,23.629999,25.540001,25.102196,4695000
2020-10-30,25.389999,25.990000,24.850000,25.959999,25.514996,3394700
2020-11-02,26.450001,28.209999,25.430000,27.709999,27.234997,4311300
2020-11-03,28.709999,29.469999,27.850000,28.120001,27.637970,4269200
2020-11-04,28.040001,28.830000,26.900000,27.120001,26.655113,3972000
2020-11-05,27.299999,27.830000,26.160000,26.200001,25.750883,3870000
2020-11-06,26.080000,26.350000,24.570000,24.740000,24.315910,4655900
2020-11-09,28.250000,33.599998,28.010000,32.400002,31.844604,10946900
2020-11-10,33.439999,33.799999,31.500000,33.730000,33.539997,5136900
2020-11-11,34.099998,34.230000,32.480000,32.849998,32.664955,4373600
2020-11-12,31.799999,33.240002,31.139999,31.660000,31.481659,2862200
2020-11-13,32.150002,34.200001,32.130001,33.599998,33.410728,3066800
2020-11-16,35.450001,36.310001,35.090000,35.930000,35.727608,4228600
2020-11-17,35.020000,37.360001,34.700001,37.310001,37.099834,3521400
2020-11-18,37.750000,39.849998,37.119999,37.740002,37.527412,5090200
2020-11-19,37.080002,39.650002,36.459999,39.439999,39.217834,6155600
2020-11-20,39.389999,40.000000,38.599998,39.840000,39.615582,3236500
2020-11-23,40.730000,44.790001,40.599998,44.490002,44.239391,5003500
2020-11-24,46.529999,47.250000,45.000000,47.139999,46.874458,5386400
2020-11-25,46.310001,47.150002,44.189999,45.389999,45.134319,4276800
2020-11-27,44.610001,44.750000,42.500000,43.520000,43.274853,3677400
2020-11-30,42.810001,43.290001,39.779999,39.959999,39.734905,16587200
2020-12-01,41.520000,41.930000,39.540001,39.849998,39.625523,4309200
2020-12-02,39.590000,42.360001,39.299999,40.520000,40.291752,4252800
2020-12-03,41.080002,42.580002,40.599998,41.910000,41.673920,3509900
2020-12-04,43.099998,47.389999,43.099998,47.220001,46.954010,6387500
2020-12-07,46.389999,47.150002,45.139999,45.639999,45.382908,3446900
2020-12-08,45.009998,46.980000,44.720001,46.139999,45.880093,3125200
2020-12-09,46.770000,48.320000,46.139999,47.330002,47.063393,4312000
2020-12-10,47.119999,51.180000,47.119999,49.939999,49.658688,4896100
2020-12-11,50.070000,50.290001,48.750000,50.110001,49.827732,2533300
2020-12-14,51.310001,51.529999,46.910000,46.950001,46.685532,3596800
2020-12-15,47.849998,48.630001,46.220001,48.160000,47.888714,2919900
2020-12-16,48.450001,48.500000,47.009998,47.650002,47.381588,2818500
2020-12-17,48.189999,48.270000,46.570000,47.389999,47.123051,2430500
2020-12-18,46.980000,47.770000,45.380001,45.840000,45.581783,6740600
2020-12-21,42.259998,45.240002,42.000000,45.020000,44.766403,6601700
2020-12-22,45.029999,45.139999,43.709999,44.049999,43.801865,3080500
2020-12-23,44.880001,48.389999,44.619999,47.799999,47.530743,4810500
2020-12-24,47.770000,48.439999,46.549999,48.250000,47.978207,1609100
2020-12-28,48.650002,48.759998,47.200001,47.630001,47.361702,2515600
2020-12-29,47.900002,48.389999,46.189999,47.000000,46.735249,2121700
2020-12-30,46.869999,49.630001,46.740002,49.270000,48.992462,2914400
2020-12-31,49.000000,49.619999,48.250000,48.400002,48.127365,2210900